Iteration	CPUTime	PhysTime	Travels	Value	AvValue	MinValue	MaxValue	Delta						   Criteria	Progress	dGMaxMin	CriteriaType	CriteriaVarType	CriteriaPercentage
1	10	0	0.0151327298	293.205276	293.205276	293.205276	293.205276	0	0	0	23.1965	0	0	3
2	14	0	0.0302654596	293.253882	293.229579	293.205276	293.253882	0.0243028157	0	0	49.0172	0
3	18	0	0.0453981895	293.473438	293.310865	293.205276	293.473438	0.1055891	0	0	77.5765	0
4	22	0	0.0605309193	294.136289	293.517221	293.205276	294.136289	0.311945036	0	0	108.801	0
5	26	0	0.0756636491	295.645863	293.94295	293.205276	295.645863	0.737673473	0	0	142.588	0
6	29	0	0.0907963789	299.034191	294.79149	293.205276	299.034191	1.58621377	0	0	179.264	0
7	33	0	0.105929109	304.733375	296.211759	293.205276	304.733375	3.00648301	0	0	219.124	0
8	36	0	0.121061839	312.62749	298.263726	293.205276	312.62749	5.05844939	0	0	262.697	0
9	40	0	0.136194568	322.413709	300.947057	293.205276	322.413709	7.74178088	0	0	309.237	0
10	43	0	0.151327298	333.897543	304.242106	293.205276	333.897543	11.0368295	0	0	357.533	0
11	47	0	0.166460028	352.945349	308.669673	293.205276	352.945349	15.464397	0	0	411.041	0
12	50	0	0.181592758	369.384553	313.729246	293.205276	369.384553	20.5239703	0	0	462.1	0
13	54	0	0.196725488	385.736568	319.268271	293.205276	385.736568	26.062995	0	0	510.129	0
14	57	0	0.211858218	400.456919	325.06746	293.205276	400.456919	31.8621841	0	0	549.628	0
15	61	0	0.226990947	413.787706	330.982143	293.205276	413.787706	37.7768672	0	0	578.144	0
16	64	0	0.242123677	427.935939	337.041756	293.205276	427.935939	43.8364794	0	0	596.072	0
17	68	0	0.257256407	438.455776	343.007286	293.205276	438.455776	49.80201	0	0	605.429	0
18	71	0	0.272389137	447.458881	348.810153	293.205276	447.458881	55.6048764	0	0	609.495	0
19	75	0	0.287521867	454.91987	354.394875	293.205276	454.91987	61.1895984	0	0	613.371	0
20	79	0	0.302654596	461.143074	359.732285	293.205276	461.143074	66.5270083	0	0	615.135	0
21	82	0	0.317787326	466.835097	364.832418	293.205276	466.835097	71.6271423	0	0	618.642	0
22	86	0	0.332920056	472.43483	369.723437	293.205276	472.43483	76.518161	0	0	619.185	0
23	90	0	0.348052786	476.286224	374.356602	293.205276	476.286224	81.1513256	0	0	620.458	0
24	94	0	0.363185516	479.956777	378.756609	293.205276	479.956777	85.5513329	0	0	619.253	0
25	99	0	0.378318246	481.874641	382.88133	293.205276	481.874641	89.6760542	0	0	620.785	0
26	102	0	0.393450975	484.477629	386.78888	293.205276	484.477629	93.5836042	0	0	619.023	0
27	106	0	0.408583705	485.661285	390.450821	293.205276	485.661285	97.2455451	0	0	619.077	0
28	109	0	0.423716435	487.976405	393.933878	293.205276	487.976405	100.728602	0	0	617.19	0
29	113	0	0.438849165	487.30666	397.153629	293.205276	487.976405	103.948353	0	0	616.609	0
30	116	0	0.453981895	489.111797	400.218901	293.205276	489.111797	107.013625	0	0	615.983	0
31	119	0	0.469114625	488.792631	403.076118	293.205276	489.111797	109.870842	0	0	615.706	0
32	123	0	0.484247354	491.112184	405.827245	293.205276	491.112184	112.621969	0	0	615.053	0
33	126	0	0.499380084	489.328254	408.357579	293.205276	491.112184	115.152303	0	0	613.963	0
34	130	0	0.514512814	491.163792	410.793056	293.205276	491.163792	117.58778	0	0	613.272	0
35	133	0	0.529645544	489.137457	416.555767	293.253882	491.163792	123.326188	0	0	613.874	0
36	137	0	0.544778274	491.425621	422.384348	293.473438	491.425621	129.073482	0	0	612.633	0
37	140	0	0.559911003	490.254012	428.172011	294.136289	491.425621	134.65479	0	0	613.267	0
38	143	0	0.575043733	492.240698	433.998612	295.645863	492.240698	140.055662	0	0	612.409	0
39	147	0	0.590176463	489.99034	439.714626	299.034191	492.240698	144.923136	0	0	612.191	0
40	152	0	0.605309193	492.380852	445.401292	304.733375	492.380852	149.189533	0	0	612.63	0
41	157	0	0.620441923	489.432912	450.833632	312.62749	492.380852	152.569906	0	0	612.225	0
42	162	0	0.635574653	492.13481	456.113259	322.413709	492.380852	155.166202	0	0	613.093	0
43	167	0	0.650707382	488.668873	461.003116	333.897543	492.380852	156.761011	0	0	612.784	0
44	172	0	0.665840112	492.052689	465.654738	352.945349	492.380852	139.435504	0	0	612.935	0
45	177	0	0.680972842	489.376048	469.667406	369.384553	492.380852	122.9963	0	0	612.048	0
46	182	0	0.696105572	491.902303	473.270869	385.736568	492.380852	106.644285	0	0	611.639	0
47	186	0	0.711238302	489.246029	476.315265	400.456919	492.380852	91.9239337	0	0	612.203	0
48	190	0	0.726371032	491.932051	479.00571	413.787706	492.380852	78.5931467	0	0	611.818	0
49	194	0	0.741503761	489.267376	481.225701	427.935939	492.380852	64.4449132	0	0	612.336	0
50	198	0	0.756636491	491.865902	483.105994	438.455776	492.380852	53.9250768	0	0	612.08	0
51	201	0	0.771769221	489.55302	484.608854	447.458881	492.380852	44.9219713	0	0	612.298	0
52	205	0	0.786901951	492.506561	485.933785	454.91987	492.506561	37.5866906	0	0	612.551	0
53	209	0	0.802034681	489.422415	486.948566	461.143074	492.506561	31.3634865	0	0	612.728	0
54	213	0	0.817167411	492.42003	487.868477	466.835097	492.506561	25.6714638	0	0	612.303	0
55	217	0	0.83230014	489.737141	488.542066	472.43483	492.506561	20.0717307	0	0	613.011	0
56	222	0	0.84743287	492.615545	489.135617	476.286224	492.615545	16.3293206	0	0	612.361	0
57	227	0	0.8625656	489.268976	489.517462	479.956777	492.615545	12.6587677	0	0	611.994	0
58	230	0	0.87769833	492.169015	489.876646	481.874641	492.615545	10.7409032	0	0	612.14	0
59	234	0	0.89283106	489.631268	490.104782	484.477629	492.615545	8.13791523	0	0	612.343	0
60	238	0	0.907963789	492.273194	490.334063	485.661285	492.615545	6.95425976	0	0	611.656	0
61	242	0	0.923096519	489.299154	490.441059	487.30666	492.615545	5.30888493	0	0	611.94	0
62	247	0	0.938229249	491.530743	490.545599	487.30666	492.615545	5.30888493	0	0	611.776	0
63	250	0	0.953361979	489.784495	490.618476	488.668873	492.615545	3.94667148	0	0	611.944	0
64	254	0	0.968494709	492.278681	490.71162	488.668873	492.615545	3.94667148	0	0	611.694	0
65	258	0	0.983627439	490.188124	490.752664	488.668873	492.615545	3.94667148	0	0	612.455	0
66	262	0	0.998760168	492.717191	490.79987	488.668873	492.717191	4.04831814	0	0	612.26	0
67	266	0	1.0138929	489.756344	490.812461	488.668873	492.717191	4.04831814	5.9773126	100	612.144	0
