Iteration	CPUTime	PhysTime	Travels	Value	AvValue	MinValue	MaxValue	Delta						   Criteria	Progress	dGMaxMin	CriteriaType	CriteriaVarType	CriteriaPercentage
1	10	0	0.0151327298	293.423503	293.423503	293.423503	293.423503	0	0	0	23.1965	0	0	3
2	14	0	0.0302654596	294.127588	293.775546	293.423503	294.127588	0.352042672	0	0	49.0172	0
3	18	0	0.0453981895	295.638017	294.396369	293.423503	295.638017	0.972866502	0	0	77.5765	0
4	22	0	0.0605309193	298.366672	295.388945	293.423503	298.366672	1.96544214	0	0	108.801	0
5	26	0	0.0756636491	302.89122	296.8894	293.423503	302.89122	3.4658972	0	0	142.588	0
6	29	0	0.0907963789	309.793558	299.040093	293.423503	309.793558	5.61659009	0	0	179.264	0
7	33	0	0.105929109	320.419237	302.094257	293.423503	320.419237	8.67075355	0	0	219.124	0
8	36	0	0.121061839	333.439468	306.012408	293.423503	333.439468	12.588905	0	0	262.697	0
9	40	0	0.136194568	349.065625	310.796099	293.423503	349.065625	17.3725958	0	0	309.237	0
10	43	0	0.151327298	366.26551	316.34304	293.423503	366.26551	22.9195369	0	0	357.533	0
11	47	0	0.166460028	391.445001	323.170491	293.423503	391.445001	29.7469879	0	0	411.041	0
12	50	0	0.181592758	412.374584	330.604165	293.423503	412.374584	37.1806624	0	0	462.1	0
13	54	0	0.196725488	432.352183	338.430936	293.423503	432.352183	45.007433	0	0	510.129	0
14	57	0	0.211858218	448.799465	346.314402	293.423503	448.799465	52.8908993	0	0	549.628	0
15	61	0	0.226990947	461.946541	354.023212	293.423503	461.946541	60.5997086	0	0	578.144	0
16	64	0	0.242123677	472.917997	361.454136	293.423503	472.917997	68.0306326	0	0	596.072	0
17	68	0	0.257256407	479.604396	368.404151	293.423503	479.604396	74.980648	0	0	605.429	0
18	71	0	0.272389137	484.053967	374.829141	293.423503	484.053967	81.4056377	0	0	609.495	0
19	75	0	0.287521867	487.226931	380.744814	293.423503	487.226931	87.3213109	0	0	613.371	0
20	79	0	0.302654596	489.187382	386.166942	293.423503	489.187382	92.7434393	0	0	615.135	0
21	82	0	0.317787326	491.51258	391.183401	293.423503	491.51258	97.7598982	0	0	618.642	0
22	86	0	0.332920056	492.460405	395.786901	293.423503	492.460405	102.363398	0	0	619.185	0
23	90	0	0.348052786	494.213524	400.06632	293.423503	494.213524	106.642817	0	0	620.458	0
24	94	0	0.363185516	494.28071	403.991919	293.423503	494.28071	110.568416	0	0	619.253	0
25	99	0	0.378318246	495.578087	407.655366	293.423503	495.578087	114.231863	0	0	620.785	0
26	102	0	0.393450975	495.418398	411.030867	293.423503	495.578087	117.607364	0	0	619.023	0
27	106	0	0.408583705	495.909537	414.174522	293.423503	495.909537	120.751019	0	0	619.077	0
28	109	0	0.423716435	495.560477	417.081163	293.423503	495.909537	123.65766	0	0	617.19	0
29	113	0	0.438849165	495.827491	419.796554	293.423503	495.909537	126.373051	0	0	616.609	0
30	116	0	0.453981895	496.032206	422.337742	293.423503	496.032206	128.914239	0	0	615.983	0
31	119	0	0.469114625	496.934871	424.744101	293.423503	496.934871	131.320598	0	0	615.706	0
32	123	0	0.484247354	496.628634	426.990493	293.423503	496.934871	133.56699	0	0	615.053	0
33	126	0	0.499380084	496.37085	429.092928	293.423503	496.934871	135.669425	0	0	613.963	0
34	130	0	0.514512814	496.304309	431.069733	293.423503	496.934871	137.64623	0	0	613.272	0
35	133	0	0.529645544	496.840043	437.052572	294.127588	496.934871	143.277027	0	0	613.874	0
36	137	0	0.544778274	496.053002	442.991555	295.638017	496.934871	148.595186	0	0	612.633	0
37	140	0	0.559911003	496.081229	448.886944	298.366672	496.934871	153.497999	0	0	613.267	0
38	143	0	0.575043733	496.509676	454.714679	302.89122	496.934871	157.825279	0	0	612.409	0
39	147	0	0.590176463	496.632382	460.412949	309.793558	496.934871	161.372856	0	0	612.191	0
40	152	0	0.605309193	496.406152	465.901554	320.419237	496.934871	163.807298	0	0	612.63	0
41	157	0	0.620441923	496.177242	471.070907	333.439468	496.934871	163.495403	0	0	612.225	0
42	162	0	0.635574653	496.971882	475.880684	349.065625	496.971882	147.906257	0	0	613.093	0
43	167	0	0.650707382	496.665622	480.221861	366.26551	496.971882	130.706371	0	0	612.784	0
44	172	0	0.665840112	496.228497	484.044302	391.445001	496.971882	105.526881	0	0	612.935	0
45	177	0	0.680972842	495.95585	487.11815	412.374584	496.971882	84.5972973	0	0	612.048	0
46	182	0	0.696105572	496.257063	489.585282	432.352183	496.971882	64.6196982	0	0	611.639	0
47	186	0	0.711238302	496.189357	491.462846	448.799465	496.971882	48.172417	0	0	612.203	0
48	190	0	0.726371032	496.14217	492.855278	461.946541	496.971882	35.025341	0	0	611.818	0
49	194	0	0.741503761	496.104199	493.859915	472.917997	496.971882	24.053885	0	0	612.336	0
50	198	0	0.756636491	496.396221	494.550451	479.604396	496.971882	17.3674855	0	0	612.08	0
51	201	0	0.771769221	496.35276	495.04305	484.053967	496.971882	12.917915	0	0	612.298	0
52	205	0	0.786901951	496.365747	495.405161	487.226931	496.971882	9.74495091	0	0	612.551	0
53	209	0	0.802034681	496.370937	495.674103	489.187382	496.971882	7.7845	0	0	612.728	0
54	213	0	0.817167411	496.491102	495.888918	491.51258	496.971882	5.45930121	0	0	612.303	0
55	217	0	0.83230014	496.637782	496.039659	492.460405	496.971882	4.5114771	0	0	613.011	0
56	222	0	0.84743287	496.666311	496.163362	494.213524	496.971882	2.75835795	0	0	612.361	0
57	227	0	0.8625656	496.093317	496.21865	494.28071	496.971882	2.69117124	0	0	611.994	0
58	230	0	0.87769833	496.344237	496.279342	495.418398	496.971882	1.55348322	0	0	612.14	0
59	234	0	0.89283106	496.383166	496.303021	495.418398	496.971882	1.55348322	0	0	612.343	0
60	238	0	0.907963789	496.337543	496.330055	495.560477	496.971882	1.41140443	0	0	611.656	0
61	242	0	0.923096519	495.980683	496.332147	495.560477	496.971882	1.41140443	0	0	611.94	0
62	247	0	0.938229249	495.906314	496.342319	495.827491	496.971882	1.1443911	0	0	611.776	0
63	250	0	0.953361979	496.0735	496.349555	495.906314	496.971882	1.06556801	0	0	611.944	0
64	254	0	0.968494709	496.613912	496.366664	495.906314	496.971882	1.06556801	0	0	611.694	0
65	258	0	0.983627439	496.553129	496.355436	495.906314	496.971882	1.06556801	0	0	612.455	0
66	262	0	0.998760168	496.494036	496.351477	495.906314	496.971882	1.06556801	0	0	612.26	0
67	266	0	1.0138929	496.560802	496.357064	495.906314	496.971882	1.06556801	6.04001593	100	612.144	0
