Iteration	CPUTime	PhysTime	Travels	Value	AvValue	MinValue	MaxValue	Delta						   Criteria	Progress	dGMaxMin	CriteriaType	CriteriaVarType	CriteriaPercentage
1	10	0	0.0151327298	293.200294	293.200294	293.200294	293.200294	0	0	0	21.8629	0	0	3
2	14	0	0.0302654596	293.201088	293.200691	293.200294	293.201088	0.000396711777	0	0	45.7299	0
3	18	0	0.0453981895	293.202464	293.201282	293.200294	293.202464	0.000987804801	0	0	73.0039	0
4	22	0	0.0605309193	293.20455	293.202099	293.200294	293.20455	0.00180491226	0	0	102.413	0
5	26	0	0.0756636491	293.207726	293.203224	293.200294	293.207726	0.00293029032	0	0	133.827	0
6	29	0	0.0907963789	293.214642	293.205127	293.200294	293.214642	0.0048331673	0	0	167.86	0
7	33	0	0.105929109	293.22467	293.207919	293.200294	293.22467	0.00762502916	0	0	202.233	0
8	36	0	0.121061839	293.237101	293.211567	293.200294	293.237101	0.0112727766	0	0	237.252	0
9	40	0	0.136194568	293.250504	293.215893	293.200294	293.250504	0.0155991724	0	0	273.604	0
10	43	0	0.151327298	293.26563	293.220867	293.200294	293.26563	0.0205728262	0	0	313.437	0
11	47	0	0.166460028	293.290573	293.227204	293.200294	293.290573	0.0269097442	0	0	361.508	0
12	50	0	0.181592758	293.318137	293.234782	293.200294	293.318137	0.0344874701	0	0	406.921	0
13	54	0	0.196725488	293.345524	293.2433	293.200294	293.345524	0.0430061532	0	0	448.897	0
14	57	0	0.211858218	293.374779	293.252692	293.200294	293.374779	0.0523975231	0	0	482.799	0
15	61	0	0.226990947	293.403383	293.262738	293.200294	293.403383	0.0624436196	0	0	505.893	0
16	64	0	0.242123677	293.451296	293.274523	293.200294	293.451296	0.0742285408	0	0	523.775	0
17	68	0	0.257256407	293.498289	293.287685	293.200294	293.498289	0.087391237	0	0	531.727	0
18	71	0	0.272389137	293.545902	293.302031	293.200294	293.545902	0.101736612	0	0	537.231	0
19	75	0	0.287521867	293.586577	293.317007	293.200294	293.586577	0.116712731	0	0	540.814	0
20	79	0	0.302654596	293.620664	293.33219	293.200294	293.620664	0.131895605	0	0	544.304	0
21	82	0	0.317787326	293.654705	293.347548	293.200294	293.654705	0.147253471	0	0	548.924	0
22	86	0	0.332920056	293.68339	293.362813	293.200294	293.68339	0.162519019	0	0	548.984	0
23	90	0	0.348052786	293.708691	293.377851	293.200294	293.708691	0.177557178	0	0	548.608	0
24	94	0	0.363185516	293.737109	293.39282	293.200294	293.737109	0.192526245	0	0	549.681	0
25	99	0	0.378318246	293.761594	293.407571	293.200294	293.761594	0.207277173	0	0	551.697	0
26	102	0	0.393450975	293.791382	293.422333	293.200294	293.791382	0.222039131	0	0	551.588	0
27	106	0	0.408583705	293.808975	293.436653	293.200294	293.808975	0.236359195	0	0	554.2	0
28	109	0	0.423716435	293.824055	293.450489	293.200294	293.824055	0.250194968	0	0	553.249	0
29	113	0	0.438849165	293.834883	293.463744	293.200294	293.834883	0.263449924	0	0	548.427	0
30	116	0	0.453981895	293.846633	293.476507	293.200294	293.846633	0.276212888	0	0	552.778	0
31	119	0	0.469114625	293.857141	293.488786	293.200294	293.857141	0.288491405	0	0	552.002	0
32	123	0	0.484247354	293.868057	293.500638	293.200294	293.868057	0.30034363	0	0	552.192	0
33	126	0	0.499380084	293.872849	293.511917	293.200294	293.872849	0.311622774	0	0	551.852	0
34	130	0	0.514512814	293.877933	293.522682	293.200294	293.877933	0.322387948	0	0	551.433	0
35	133	0	0.529645544	293.879423	293.542656	293.201088	293.879423	0.341965616	0	0	552.494	0
36	137	0	0.544778274	293.883678	293.562733	293.202464	293.883678	0.361450722	0	0	551.8	0
37	140	0	0.559911003	293.884247	293.582785	293.20455	293.884247	0.380686051	0	0	551.559	0
38	143	0	0.575043733	293.886779	293.602851	293.207726	293.886779	0.39962621	0	0	553.094	0
39	147	0	0.590176463	293.885233	293.622777	293.214642	293.886779	0.417650022	0	0	548.821	0
40	152	0	0.605309193	293.88721	293.642559	293.22467	293.88721	0.434639574	0	0	552.862	0
41	157	0	0.620441923	293.88526	293.661988	293.237101	293.88721	0.450420926	0	0	550.474	0
42	162	0	0.635574653	293.88678	293.681096	293.250504	293.88721	0.465202743	0	0	553.041	0
43	167	0	0.650707382	293.884818	293.699752	293.26563	293.88721	0.478885373	0	0	551.892	0
44	172	0	0.665840112	293.887236	293.718035	293.290573	293.887236	0.490830983	0	0	552.548	0
45	177	0	0.680972842	293.885417	293.73553	293.318137	293.887236	0.500748656	0	0	551.723	0
46	182	0	0.696105572	293.887037	293.752263	293.345524	293.887236	0.508962343	0	0	551.107	0
47	186	0	0.711238302	293.885617	293.768148	293.374779	293.887236	0.512456315	0	0	550.877	0
48	190	0	0.726371032	293.887818	293.783237	293.403383	293.887818	0.484434798	0	0	553.273	0
49	194	0	0.741503761	293.885149	293.797407	293.451296	293.887818	0.436521408	0	0	550.897	0
50	198	0	0.756636491	293.887414	293.810234	293.498289	293.887818	0.389529392	0	0	556.383	0
51	201	0	0.771769221	293.884822	293.821602	293.545902	293.887818	0.341915772	0	0	550.912	0
52	205	0	0.786901951	293.886573	293.831622	293.586577	293.887818	0.301240911	0	0	553.66	0
53	209	0	0.802034681	293.885314	293.840408	293.620664	293.887818	0.267153546	0	0	552.814	0
54	213	0	0.817167411	293.887551	293.848258	293.654705	293.887818	0.233112973	0	0	552.591	0
55	217	0	0.83230014	293.885121	293.855035	293.68339	293.887818	0.204428239	0	0	550.591	0
56	222	0	0.84743287	293.88776	293.861046	293.708691	293.887818	0.179127105	0	0	553.821	0
57	227	0	0.8625656	293.885886	293.866257	293.737109	293.887818	0.15070898	0	0	550.178	0
58	230	0	0.87769833	293.887555	293.870682	293.761594	293.887818	0.126224307	0	0	552.324	0
59	234	0	0.89283106	293.885837	293.874337	293.791382	293.887818	0.0964356901	0	0	551.287	0
60	238	0	0.907963789	293.888175	293.877183	293.808975	293.888175	0.0792003204	0	0	551.846	0
61	242	0	0.923096519	293.885805	293.879443	293.824055	293.888175	0.0641203506	0	0	550.549	0
62	247	0	0.938229249	293.888339	293.881334	293.834883	293.888339	0.0534564401	0	0	552.426	0
63	250	0	0.953361979	293.886026	293.882838	293.846633	293.888339	0.0417062928	0	0	553.964	0
64	254	0	0.968494709	293.887827	293.88405	293.857141	293.888339	0.0311981971	0	0	551.738	0
65	258	0	0.983627439	293.886199	293.884904	293.868057	293.888339	0.0202825294	0	0	551.772	0
66	262	0	0.998760168	293.888357	293.885501	293.872849	293.888357	0.0155076878	0	0	552.442	0
67	266	0	1.0138929	293.885924	293.885886	293.877933	293.888357	0.0104243577	0.0205767917	0	550.582	0
