Iteration	CPUTime	PhysTime	Travels	Value	AvValue	MinValue	MaxValue	Delta						   Criteria	Progress	dGMaxMin	CriteriaType	CriteriaVarType	CriteriaPercentage
1	10	0	0.0151327298	293.676113	293.676113	293.676113	293.676113	0	0	0	23.1965	0	0	3
2	14	0	0.0302654596	294.351205	294.013659	293.676113	294.351205	0.337545874	0	0	49.0172	0
3	18	0	0.0453981895	295.26512	294.430812	293.676113	295.26512	0.754699612	0	0	77.5765	0
4	22	0	0.0605309193	296.457048	294.937371	293.676113	296.457048	1.26125845	0	0	108.801	0
5	26	0	0.0756636491	297.968678	295.543633	293.676113	297.968678	1.86751975	0	0	142.588	0
6	29	0	0.0907963789	299.923244	296.273568	293.676113	299.923244	2.59745493	0	0	179.264	0
7	33	0	0.105929109	302.339155	297.14008	293.676113	302.339155	3.46396734	0	0	219.124	0
8	36	0	0.121061839	305.077072	298.132204	293.676113	305.077072	4.45609134	0	0	262.697	0
9	40	0	0.136194568	308.182654	299.248921	293.676113	308.182654	5.57280801	0	0	309.237	0
10	43	0	0.151327298	311.437511	300.46778	293.676113	311.437511	6.791667	0	0	357.533	0
11	47	0	0.166460028	316.144553	301.892941	293.676113	316.144553	8.21682821	0	0	411.041	0
12	50	0	0.181592758	320.499446	303.443483	293.676113	320.499446	9.76737029	0	0	462.1	0
13	54	0	0.196725488	324.887242	305.093003	293.676113	324.887242	11.4168902	0	0	510.129	0
14	57	0	0.211858218	328.641318	306.775026	293.676113	328.641318	13.0989127	0	0	549.628	0
15	61	0	0.226990947	332.157592	308.467197	293.676113	332.157592	14.7910838	0	0	578.144	0
16	64	0	0.242123677	335.894089	310.181377	293.676113	335.894089	16.5052646	0	0	596.072	0
17	68	0	0.257256407	339.247932	311.891175	293.676113	339.247932	18.2150619	0	0	605.429	0
18	71	0	0.272389137	342.096113	313.569227	293.676113	342.096113	19.8931141	0	0	609.495	0
19	75	0	0.287521867	345.119352	315.22976	293.676113	345.119352	21.553647	0	0	613.371	0
20	79	0	0.302654596	347.600541	316.848299	293.676113	347.600541	23.172186	0	0	615.135	0
21	82	0	0.317787326	351.420322	318.494586	293.676113	351.420322	24.8184728	0	0	618.642	0
22	86	0	0.332920056	354.403159	320.126794	293.676113	354.403159	26.4506807	0	0	619.185	0
23	90	0	0.348052786	357.367117	321.745938	293.676113	357.367117	28.0698252	0	0	620.458	0
24	94	0	0.363185516	359.591127	323.322821	293.676113	359.591127	29.6467081	0	0	619.253	0
25	99	0	0.378318246	361.936865	324.867383	293.676113	361.936865	31.1912698	0	0	620.785	0
26	102	0	0.393450975	364.307654	326.384316	293.676113	364.307654	32.7082034	0	0	619.023	0
27	106	0	0.408583705	366.470261	327.868981	293.676113	366.470261	34.192868	0	0	619.077	0
28	109	0	0.423716435	368.095129	329.305629	293.676113	368.095129	35.6295161	0	0	617.19	0
29	113	0	0.438849165	369.256948	330.683261	293.676113	369.256948	37.0071478	0	0	616.609	0
30	116	0	0.453981895	370.094839	331.99698	293.676113	370.094839	38.3208671	0	0	615.983	0
31	119	0	0.469114625	371.166965	333.260528	293.676113	371.166965	39.584415	0	0	615.706	0
32	123	0	0.484247354	371.768767	334.46391	293.676113	371.768767	40.7877974	0	0	615.053	0
33	126	0	0.499380084	372.220447	335.608048	293.676113	372.220447	41.9319349	0	0	613.963	0
34	130	0	0.514512814	372.557478	336.694796	293.676113	372.557478	43.0186829	0	0	613.272	0
35	133	0	0.529645544	372.91336	339.025303	294.351205	372.91336	45.0116443	0	0	613.874	0
36	137	0	0.544778274	373.079809	341.34085	295.26512	373.079809	46.9100377	0	0	612.633	0
37	140	0	0.559911003	373.300855	343.636019	296.457048	373.300855	48.6986475	0	0	613.267	0
38	143	0	0.575043733	373.312223	345.896465	297.968678	373.312223	50.3528326	0	0	612.409	0
39	147	0	0.590176463	373.401918	348.11509	299.923244	373.401918	51.8415221	0	0	612.191	0
40	152	0	0.605309193	373.395592	350.276041	302.339155	373.401918	53.1359611	0	0	612.63	0
41	157	0	0.620441923	373.359735	352.364882	305.077072	373.401918	54.2326777	0	0	612.225	0
42	162	0	0.635574653	373.396958	354.37429	308.182654	373.401918	55.1253695	0	0	613.093	0
43	167	0	0.650707382	373.422121	356.293098	311.437511	373.422121	55.8253183	0	0	612.784	0
44	172	0	0.665840112	373.413348	358.115917	316.144553	373.422121	56.2229759	0	0	612.935	0
45	177	0	0.680972842	373.341428	359.798178	320.499446	373.422121	52.9226748	0	0	612.048	0
46	182	0	0.696105572	373.32786	361.351955	324.887242	373.422121	48.5348785	0	0	611.639	0
47	186	0	0.711238302	373.386172	362.778394	328.641318	373.422121	44.7808029	0	0	612.203	0
48	190	0	0.726371032	373.361052	364.09368	332.157592	373.422121	41.2645287	0	0	611.818	0
49	194	0	0.741503761	373.373974	365.305927	335.894089	373.422121	37.5280324	0	0	612.336	0
50	198	0	0.756636491	373.363989	366.407983	339.247932	373.422121	34.1741885	0	0	612.08	0
51	201	0	0.771769221	373.408222	367.412697	342.096113	373.422121	31.3260074	0	0	612.298	0
52	205	0	0.786901951	373.401337	368.333439	345.119352	373.422121	28.302769	0	0	612.551	0
53	209	0	0.802034681	373.422586	369.165887	347.600541	373.422586	25.8220447	0	0	612.728	0
54	213	0	0.817167411	373.407463	369.924914	351.420322	373.422586	22.0022637	0	0	612.303	0
55	217	0	0.83230014	373.447566	370.572774	354.403159	373.447566	19.0444071	0	0	613.011	0
56	222	0	0.84743287	373.458808	371.133235	357.367117	373.458808	16.0916907	0	0	612.361	0
57	227	0	0.8625656	373.418988	371.605348	359.591127	373.458808	13.8676805	0	0	611.994	0
58	230	0	0.87769833	373.441323	372.012707	361.936865	373.458808	11.5219431	0	0	612.14	0
59	234	0	0.89283106	373.446614	372.351229	364.307654	373.458808	9.15115389	0	0	612.343	0
60	238	0	0.907963789	373.417207	372.619157	366.470261	373.458808	6.98854641	0	0	611.656	0
61	242	0	0.923096519	373.460063	372.82474	368.095129	373.460063	5.36493479	0	0	611.94	0
62	247	0	0.938229249	373.41689	372.981262	369.256948	373.460063	4.20311575	0	0	611.776	0
63	250	0	0.953361979	373.463629	373.104988	370.094839	373.463629	3.36879074	0	0	611.944	0
64	254	0	0.968494709	373.457302	373.203884	371.166965	373.463629	2.29666468	0	0	611.694	0
65	258	0	0.983627439	373.526503	373.273282	371.768767	373.526503	1.75773573	0	0	612.455	0
66	262	0	0.998760168	373.455172	373.322882	372.220447	373.526503	1.30605566	0	0	612.26	0
67	266	0	1.0138929	373.443218	373.358846	372.557478	373.526503	0.969024916	2.34784149	0	612.144	0
