Iteration	CPUTime	PhysTime	Travels	Value	AvValue	MinValue	MaxValue	Delta						   Criteria	Progress	dGMaxMin	CriteriaType	CriteriaVarType	CriteriaPercentage
1	10	0	0.0151327298	0.0820747575	0.0820747575	0.0820747575	0.0820747575	0	0	0	0	0	0	3
2	14	0	0.0302654596	0.23495215	0.158513454	0.0820747575	0.23495215	0.0764386965	0	0	0	0
3	18	0	0.0453981895	0.4007192	0.239248703	0.0820747575	0.4007192	0.157173945	0	0	0	0
4	22	0	0.0605309193	0.617952401	0.333924627	0.0820747575	0.617952401	0.25184987	0	0	0	0
5	26	0	0.0756636491	0.91097162	0.449334026	0.0820747575	0.91097162	0.367259268	0	0	0	0
6	29	0	0.0907963789	1.11340913	0.560013209	0.0820747575	1.11340913	0.477938452	0	0	0	0
7	33	0	0.105929109	1.41917388	0.682750448	0.0820747575	1.41917388	0.60067569	0	0	0	0
8	36	0	0.121061839	1.92513961	0.838049093	0.0820747575	1.92513961	0.755974335	0	0	0	0
9	40	0	0.136194568	2.46234757	1.0185267	0.0820747575	2.46234757	0.936451943	0	0	0	0
10	43	0	0.151327298	3.20624154	1.23729818	0.0820747575	3.20624154	1.15522343	0	0	0	0
11	47	0	0.166460028	3.82370846	1.47242639	0.0820747575	3.82370846	1.39035163	0	0	0	0
12	50	0	0.181592758	4.60402626	1.73339305	0.0820747575	4.60402626	1.65131829	0	0	0	0
13	54	0	0.196725488	5.05040218	1.9885476	0.0820747575	5.05040218	1.90647284	0	0	0	0
14	57	0	0.211858218	5.69107391	2.25301376	0.0820747575	5.69107391	2.170939	0	0	0	0
15	61	0	0.226990947	5.79841938	2.48937414	0.0820747575	5.79841938	2.40729938	0	0	0	0
16	64	0	0.242123677	6.06857058	2.71307391	0.0820747575	6.06857058	2.63099916	0	0	0	0
17	68	0	0.257256407	5.97363475	2.90487161	0.0820747575	6.06857058	2.82279685	0	0	0	0
18	71	0	0.272389137	6.22568683	3.08936135	0.0820747575	6.22568683	3.00728659	0	0	0	0
19	75	0	0.287521867	6.09764927	3.24769229	0.0820747575	6.22568683	3.16561753	0	0	0	0
20	79	0	0.302654596	6.26778086	3.39869672	0.0820747575	6.26778086	3.31662196	0	0	0	0
21	82	0	0.317787326	6.06128466	3.52548662	0.0820747575	6.26778086	3.44341186	0	0	0	0
22	86	0	0.332920056	6.28007841	3.65069534	0.0820747575	6.28007841	3.56862058	0	0	0	0
23	90	0	0.348052786	6.16131741	3.75985282	0.0820747575	6.28007841	3.67777806	0	0	0	0
24	94	0	0.363185516	6.35525631	3.86799463	0.0820747575	6.35525631	3.78591987	0	0	0	0
25	99	0	0.378318246	6.19345021	3.96101285	0.0820747575	6.35525631	3.8789381	0	0	0	0
26	102	0	0.393450975	6.36589182	4.0535082	0.0820747575	6.36589182	3.97143344	0	0	0	0
27	106	0	0.408583705	6.23892983	4.13444974	0.0820747575	6.36589182	4.05237498	0	0	0	0
28	109	0	0.423716435	6.35738106	4.21384015	0.0820747575	6.36589182	4.13176539	0	0	0	0
29	113	0	0.438849165	6.23634145	4.28358157	0.0820747575	6.36589182	4.20150681	0	0	0	0
30	116	0	0.453981895	6.35845181	4.35274391	0.0820747575	6.36589182	4.27066915	0	0	0	0
31	119	0	0.469114625	6.20316398	4.41243488	0.0820747575	6.36589182	4.33036012	0	0	0	0
32	123	0	0.484247354	6.40725798	4.4747731	0.0820747575	6.40725798	4.39269834	0	0	0	0
33	126	0	0.499380084	6.28998452	4.52977951	0.0820747575	6.40725798	4.44770475	0	0	0	0
34	130	0	0.514512814	6.37327853	4.58400007	0.0820747575	6.40725798	4.50192531	0	0	0	0
35	133	0	0.529645544	6.30196375	4.76693798	0.23495215	6.40725798	4.60842453	0	0	0	0
36	137	0	0.544778274	6.40334804	4.94836139	0.4007192	6.40725798	4.70911269	0	0	0	0
37	140	0	0.559911003	6.33287184	5.12283647	0.617952401	6.40725798	4.78891184	0	0	0	0
38	143	0	0.575043733	6.39172613	5.29265334	0.91097162	6.40725798	4.84331931	0	0	0	0
39	147	0	0.590176463	6.30387935	5.45126827	1.11340913	6.40725798	4.89125506	0	0	0	0
40	152	0	0.605309193	6.40961924	5.60703916	1.41917388	6.40961924	4.92428871	0	0	0	0
41	157	0	0.620441923	6.3036851	5.75070125	1.92513961	6.40961924	4.48447963	0	0	0	0
42	162	0	0.635574653	6.37901897	5.88169771	2.46234757	6.40961924	3.94727167	0	0	0	0
43	167	0	0.650707382	6.30898194	5.99483401	3.20624154	6.40961924	3.2033777	0	0	0	0
44	172	0	0.665840112	6.39645595	6.08866385	3.82370846	6.40961924	2.58591078	0	0	0	0
45	177	0	0.680972842	6.32508943	6.16223388	4.60402626	6.40961924	1.80559298	0	0	0	0
46	182	0	0.696105572	6.39086226	6.21478788	5.05040218	6.40961924	1.35921706	0	0	0	0
47	186	0	0.711238302	6.31057918	6.2518519	5.69107391	6.40961924	0.718545333	0	0	0	0
48	190	0	0.726371032	6.40457842	6.27283733	5.79841938	6.40961924	0.611199858	0	0	0	0
49	194	0	0.741503761	6.30400506	6.2877075	5.97363475	6.40961924	0.43598449	0	0	0	0
50	198	0	0.756636491	6.39735872	6.29737774	5.97363475	6.40961924	0.43598449	0	0	0	0
51	201	0	0.771769221	6.28419273	6.3065118	6.06128466	6.40961924	0.348334583	0	0	0	0
52	205	0	0.786901951	6.38092151	6.31107752	6.06128466	6.40961924	0.348334583	0	0	0	0
53	209	0	0.802034681	6.31987613	6.31761361	6.06128466	6.40961924	0.348334583	0	0	0	0
54	213	0	0.817167411	6.40171046	6.32155271	6.06128466	6.40961924	0.348334583	0	0	0	0
55	217	0	0.83230014	6.30309926	6.32866491	6.16131741	6.40961924	0.248301834	0	0	0	0
56	222	0	0.84743287	6.40784102	6.33242263	6.16131741	6.40961924	0.248301834	0	0	0	0
57	227	0	0.8625656	6.31685328	6.33699721	6.19345021	6.40961924	0.216169027	0	0	0	0
58	230	0	0.87769833	6.38032973	6.33773467	6.19345021	6.40961924	0.216169027	0	0	0	0
59	234	0	0.89283106	6.33023441	6.34175773	6.20316398	6.40961924	0.206455264	0	0	0	0
60	238	0	0.907963789	6.41136235	6.3430951	6.20316398	6.41136235	0.208198377	0	0	0	0
61	242	0	0.923096519	6.29546319	6.34475785	6.20316398	6.41136235	0.208198377	0	0	0	0
62	247	0	0.938229249	6.40532988	6.34616811	6.20316398	6.41136235	0.208198377	0	0	0	0
63	250	0	0.953361979	6.3128047	6.34841702	6.20316398	6.41136235	0.208198377	0	0	0	0
64	254	0	0.968494709	6.39174368	6.3493962	6.20316398	6.41136235	0.208198377	0	0	0	0
65	258	0	0.983627439	6.32694079	6.35303669	6.28419273	6.41136235	0.127169628	0	0	0	0
66	262	0	0.998760168	6.4118694	6.35317232	6.28419273	6.4118694	0.127676672	0	0	0	0
67	266	0	1.0138929	6.29611995	6.35335278	6.28419273	6.4118694	0.127676672	0.180334506	0	0	0
