Iteration	CPUTime	PhysTime	Travels	Value	AvValue	MinValue	MaxValue	Delta						   Criteria	Progress	dGMaxMin	CriteriaType	CriteriaVarType	CriteriaPercentage
1	10	0	0.0151327298	-8.13505836e-011	-8.13505836e-011	-8.13505836e-011	-8.13505836e-011	0	0	0	0	0	0	3
2	14	0	0.0302654596	-4.44859843e-011	-6.29182839e-011	-8.13505836e-011	-4.44859843e-011	1.84322997e-011	0	0	0	0
3	18	0	0.0453981895	-4.49631855e-011	-5.69332511e-011	-8.13505836e-011	-4.44859843e-011	2.44173325e-011	0	0	0	0
4	22	0	0.0605309193	-4.92243819e-011	-5.50060338e-011	-8.13505836e-011	-4.44859843e-011	2.63445498e-011	0	0	0	0
5	26	0	0.0756636491	-5.35828198e-011	-5.4721391e-011	-8.13505836e-011	-4.44859843e-011	2.66291926e-011	0	0	0	0
6	29	0	0.0907963789	-5.53483491e-011	-5.4825884e-011	-8.13505836e-011	-4.44859843e-011	2.66291926e-011	0	0	0	0
7	33	0	0.105929109	-5.60522155e-011	-5.50010742e-011	-8.13505836e-011	-4.44859843e-011	2.66291926e-011	0	0	0	0
8	36	0	0.121061839	-5.45247566e-011	-5.49415345e-011	-8.13505836e-011	-4.44859843e-011	2.66291926e-011	0	0	0	0
9	40	0	0.136194568	-4.44675653e-011	-5.37777602e-011	-8.13505836e-011	-4.44675653e-011	2.75728234e-011	0	0	0	0
10	43	0	0.151327298	-8.89925817e-012	-4.928991e-011	-8.13505836e-011	-8.89925817e-012	3.20606736e-011	0	0	0	0
11	47	0	0.166460028	8.54555668e-011	-3.70403212e-011	-8.13505836e-011	8.54555668e-011	4.43102624e-011	0	0	0	0
12	50	0	0.181592758	7.08565616e-010	2.50935069e-011	-8.13505836e-011	7.08565616e-010	1.06444091e-010	0	0	0	0
13	54	0	0.196725488	2.26457114e-009	1.97361017e-010	-8.13505836e-011	2.26457114e-009	2.78711601e-010	0	0	0	0
14	57	0	0.211858218	5.44984373e-009	5.72538354e-010	-8.13505836e-011	5.44984373e-009	6.53888937e-010	0	0	0	0
15	61	0	0.226990947	1.12922826e-008	1.28718797e-009	-8.13505836e-011	1.12922826e-008	1.36853855e-009	0	0	0	0
16	64	0	0.242123677	2.11877658e-008	2.53097408e-009	-8.13505836e-011	2.11877658e-008	2.61232467e-009	0	0	0	0
17	68	0	0.257256407	5.17524901e-008	5.42635738e-009	-8.13505836e-011	5.17524901e-008	5.50770796e-009	0	0	0	0
18	71	0	0.272389137	1.03195117e-007	1.08579551e-008	-8.13505836e-011	1.03195117e-007	1.09393057e-008	0	0	0	0
19	75	0	0.287521867	1.81065677e-007	1.98162563e-008	-8.13505836e-011	1.81065677e-007	1.98976068e-008	0	0	0	0
20	79	0	0.302654596	2.89176741e-007	3.32842805e-008	-8.13505836e-011	2.89176741e-007	3.33656311e-008	0	0	0	0
21	82	0	0.317787326	4.29720299e-007	5.21621861e-008	-8.13505836e-011	4.29720299e-007	5.22435367e-008	0	0	0	0
22	86	0	0.332920056	7.17916447e-007	8.24237435e-008	-8.13505836e-011	7.17916447e-007	8.2505094e-008	0	0	0	0
23	90	0	0.348052786	1.06772766e-006	1.25263044e-007	-8.13505836e-011	1.06772766e-006	1.25344395e-007	0	0	0	0
24	94	0	0.363185516	1.45948341e-006	1.8085556e-007	-8.13505836e-011	1.45948341e-006	1.8093691e-007	0	0	0	0
25	99	0	0.378318246	1.87304471e-006	2.48543125e-007	-8.13505836e-011	1.87304471e-006	2.48624476e-007	0	0	0	0
26	102	0	0.393450975	2.28660195e-006	3.26930003e-007	-8.13505836e-011	2.28660195e-006	3.27011354e-007	0	0	0	0
27	106	0	0.408583705	2.87194882e-006	4.21189959e-007	-8.13505836e-011	2.87194882e-006	4.2127131e-007	0	0	0	0
28	109	0	0.423716435	3.3905778e-006	5.27239525e-007	-8.13505836e-011	3.3905778e-006	5.27320876e-007	0	0	0	0
29	113	0	0.438849165	3.83594798e-006	6.4133292e-007	-8.13505836e-011	3.83594798e-006	6.4141427e-007	0	0	0	0
30	116	0	0.453981895	4.19961254e-006	7.59942241e-007	-8.13505836e-011	4.19961254e-006	7.60023591e-007	0	0	0	0
31	119	0	0.469114625	4.48317707e-006	8.8004659e-007	-8.13505836e-011	4.48317707e-006	8.80127941e-007	0	0	0	0
32	123	0	0.484247354	4.77430479e-006	1.00174216e-006	-8.13505836e-011	4.77430479e-006	1.00182351e-006	0	0	0	0
33	126	0	0.499380084	4.97036036e-006	1.12200332e-006	-8.13505836e-011	4.97036036e-006	1.12208467e-006	0	0	0	0
34	130	0	0.514512814	5.10261339e-006	1.23908008e-006	-8.13505836e-011	5.10261339e-006	1.23916143e-006	0	0	0	0
35	133	0	0.529645544	5.19452748e-006	1.3918627e-006	-5.60522155e-011	5.19452748e-006	1.39192561e-006	0	0	0	0
36	137	0	0.544778274	5.25537162e-006	1.54643376e-006	-5.60522155e-011	5.25537162e-006	1.54649069e-006	0	0	0	0
37	140	0	0.559911003	5.31205107e-006	1.70267188e-006	-5.60522155e-011	5.31205107e-006	1.70272688e-006	0	0	0	0
38	143	0	0.575043733	5.34963675e-006	1.86001558e-006	-5.60522155e-011	5.34963675e-006	1.86007058e-006	0	0	0	0
39	147	0	0.590176463	5.37017914e-006	2.0179636e-006	-5.60522155e-011	5.37017914e-006	2.0180186e-006	0	0	0	0
40	152	0	0.605309193	5.3835534e-006	2.17630504e-006	-5.60522155e-011	5.3835534e-006	2.17636004e-006	0	0	0	0
41	157	0	0.620441923	5.38881484e-006	2.33480124e-006	-5.45247566e-011	5.38881484e-006	2.33485618e-006	0	0	0	0
42	162	0	0.635574653	5.39368946e-006	2.49344077e-006	-4.44675653e-011	5.39368946e-006	2.49349455e-006	0	0	0	0
43	167	0	0.650707382	5.3882474e-006	2.65191994e-006	-8.89925817e-012	5.39368946e-006	2.65196923e-006	0	0	0	0
44	172	0	0.665840112	5.38754612e-006	2.81037744e-006	8.54555668e-011	5.39368946e-006	2.81041448e-006	0	0	0	0
45	177	0	0.680972842	5.38339191e-006	2.96870998e-006	7.08565616e-010	5.39368946e-006	2.96868489e-006	0	0	0	0
46	182	0	0.696105572	5.38401302e-006	3.12704247e-006	2.26457114e-009	5.39368946e-006	3.12684511e-006	0	0	0	0
47	186	0	0.711238302	5.38544797e-006	3.28537139e-006	5.44984373e-009	5.39368946e-006	3.28479885e-006	0	0	0	0
48	190	0	0.726371032	5.38653321e-006	3.44363855e-006	1.12922826e-008	5.39368946e-006	3.44235136e-006	0	0	0	0
49	194	0	0.741503761	5.38672107e-006	3.6017394e-006	2.11877658e-008	5.39368946e-006	3.59920842e-006	0	0	0	0
50	198	0	0.756636491	5.38844777e-006	3.75959998e-006	5.17524901e-008	5.39368946e-006	3.75417363e-006	0	0	0	0
51	201	0	0.771769221	5.38815293e-006	3.91655294e-006	1.03195117e-007	5.39368946e-006	3.90569498e-006	0	0	0	0
52	205	0	0.786901951	5.38960727e-006	4.07203565e-006	1.81065677e-007	5.39368946e-006	4.05221939e-006	0	0	0	0
53	209	0	0.802034681	5.38517136e-006	4.22509758e-006	2.89176741e-007	5.39368946e-006	4.1918133e-006	0	0	0	0
54	213	0	0.817167411	5.38662818e-006	4.37502262e-006	4.29720299e-007	5.39368946e-006	4.32286044e-006	0	0	0	0
55	217	0	0.83230014	5.38535534e-006	4.52077659e-006	7.17916447e-007	5.39368946e-006	4.43835285e-006	0	0	0	0
56	222	0	0.84743287	5.38727908e-006	4.65811079e-006	1.06772766e-006	5.39368946e-006	4.32596179e-006	0	0	0	0
57	227	0	0.8625656	5.38739173e-006	4.78515973e-006	1.45948341e-006	5.39368946e-006	3.93420605e-006	0	0	0	0
58	230	0	0.87769833	5.39119252e-006	4.90079824e-006	1.87304471e-006	5.39368946e-006	3.52064475e-006	0	0	0	0
59	234	0	0.89283106	5.38987161e-006	5.00423432e-006	2.28660195e-006	5.39368946e-006	3.10708751e-006	0	0	0	0
60	238	0	0.907963789	5.39265674e-006	5.09558887e-006	2.87194882e-006	5.39368946e-006	2.52174063e-006	0	0	0	0
61	242	0	0.923096519	5.39137797e-006	5.16968973e-006	3.3905778e-006	5.39368946e-006	2.00311166e-006	0	0	0	0
62	247	0	0.938229249	5.39261523e-006	5.22857319e-006	3.83594798e-006	5.39368946e-006	1.55774148e-006	0	0	0	0
63	250	0	0.953361979	5.39465851e-006	5.27441761e-006	4.19961254e-006	5.39465851e-006	1.19504597e-006	0	0	0	0
64	254	0	0.968494709	5.39725128e-006	5.30964228e-006	4.48317707e-006	5.39725128e-006	9.14074215e-007	0	0	0	0
65	258	0	0.983627439	5.39503706e-006	5.33646169e-006	4.77430479e-006	5.39725128e-006	6.22946495e-007	0	0	0	0
66	262	0	0.998760168	5.39463473e-006	5.35470669e-006	4.97036036e-006	5.39725128e-006	4.26890927e-007	0	0	0	0
67	266	0	1.0138929	5.39106411e-006	5.36708033e-006	5.10261339e-006	5.39725128e-006	2.94637891e-007	7.29247048e-007	0	0	0
