Iteration	CPUTime	PhysTime	Travels	Value	AvValue	MinValue	MaxValue	Delta						   Criteria	Progress	dGMaxMin	CriteriaType	CriteriaVarType	CriteriaPercentage
1	10	0	0.0151327298	293.204668	293.204668	293.204668	293.204668	0	0	0	23.1965	0	0	3
2	14	0	0.0302654596	293.248251	293.22646	293.204668	293.248251	0.0217916059	0	0	49.0172	0
3	18	0	0.0453981895	293.459327	293.304082	293.204668	293.459327	0.099414175	0	0	77.5765	0
4	22	0	0.0605309193	294.151315	293.51589	293.204668	294.151315	0.311222362	0	0	108.801	0
5	26	0	0.0756636491	295.880675	293.988847	293.204668	295.880675	0.784179176	0	0	142.588	0
6	29	0	0.0907963789	299.657318	294.933592	293.204668	299.657318	1.72892436	0	0	179.264	0
7	33	0	0.105929109	306.422196	296.574821	293.204668	306.422196	3.37015338	0	0	219.124	0
8	36	0	0.121061839	316.433393	299.057143	293.204668	316.433393	5.8524748	0	0	262.697	0
9	40	0	0.136194568	329.429612	302.431862	293.204668	329.429612	9.22719361	0	0	309.237	0
10	43	0	0.151327298	344.697429	306.658418	293.204668	344.697429	13.4537503	0	0	357.533	0
11	47	0	0.166460028	368.948043	312.321112	293.204668	368.948043	19.1164435	0	0	411.041	0
12	50	0	0.181592758	390.307531	318.81998	293.204668	390.307531	25.6153118	0	0	462.1	0
13	54	0	0.196725488	409.342722	325.783268	293.204668	409.342722	32.5785997	0	0	510.129	0
14	57	0	0.211858218	424.992091	332.869612	293.204668	424.992091	39.6649442	0	0	549.628	0
15	61	0	0.226990947	437.467734	339.84282	293.204668	437.467734	46.6381524	0	0	578.144	0
16	64	0	0.242123677	447.350283	346.562037	293.204668	447.350283	53.3573688	0	0	596.072	0
17	68	0	0.257256407	454.389786	352.904846	293.204668	454.389786	59.7001775	0	0	605.429	0
18	71	0	0.272389137	458.891403	358.792988	293.204668	458.891403	65.5883196	0	0	609.495	0
19	75	0	0.287521867	462.769515	364.265436	293.204668	462.769515	71.0607684	0	0	613.371	0
20	79	0	0.302654596	465.912665	369.347798	293.204668	465.912665	76.1431298	0	0	615.135	0
21	82	0	0.317787326	468.301328	374.059871	293.204668	468.301328	80.8552027	0	0	618.642	0
22	86	0	0.332920056	468.794074	378.365971	293.204668	468.794074	85.1613028	0	0	619.185	0
23	90	0	0.348052786	470.040852	382.351835	293.204668	470.040852	89.1471672	0	0	620.458	0
24	94	0	0.363185516	470.429515	386.021739	293.204668	470.429515	92.8170705	0	0	619.253	0
25	99	0	0.378318246	471.52804	389.441991	293.204668	471.52804	96.2373226	0	0	620.785	0
26	102	0	0.393450975	471.214032	392.587069	293.204668	471.52804	99.3824011	0	0	619.023	0
27	106	0	0.408583705	471.657004	395.515585	293.204668	471.657004	102.310917	0	0	619.077	0
28	109	0	0.423716435	471.84867	398.241767	293.204668	471.84867	105.037099	0	0	617.19	0
29	113	0	0.438849165	472.333947	400.79667	293.204668	472.333947	107.592002	0	0	616.609	0
30	116	0	0.453981895	472.181435	403.176162	293.204668	472.333947	109.971494	0	0	615.983	0
31	119	0	0.469114625	473.410086	405.441772	293.204668	473.410086	112.237104	0	0	615.706	0
32	123	0	0.484247354	473.054434	407.554668	293.204668	473.410086	114.35	0	0	615.053	0
33	126	0	0.499380084	472.51571	409.523184	293.204668	473.410086	116.318516	0	0	613.963	0
34	130	0	0.514512814	472.392143	411.372271	293.204668	473.410086	118.167603	0	0	613.272	0
35	133	0	0.529645544	473.185531	416.665826	293.248251	473.410086	123.439366	0	0	613.874	0
36	137	0	0.544778274	472.731776	421.944753	293.459327	473.410086	128.640671	0	0	612.633	0
37	140	0	0.559911003	472.687473	427.216169	294.151315	473.410086	133.700279	0	0	613.267	0
38	143	0	0.575043733	472.522116	432.462369	295.880675	473.410086	138.473522	0	0	612.409	0
39	147	0	0.590176463	472.533051	437.658028	299.657318	473.410086	142.724435	0	0	612.191	0
40	152	0	0.605309193	472.340211	442.736936	306.422196	473.410086	146.162115	0	0	612.63	0
41	157	0	0.620441923	472.26716	447.614729	316.433393	473.410086	148.557586	0	0	612.225	0
42	162	0	0.635574653	473.578784	452.236653	329.429612	473.578784	144.149171	0	0	613.093	0
43	167	0	0.650707382	473.780008	456.482252	344.697429	473.780008	129.082579	0	0	612.784	0
44	172	0	0.665840112	472.766854	460.249	368.948043	473.780008	104.831964	0	0	612.935	0
45	177	0	0.680972842	472.500612	463.294664	390.307531	473.780008	83.4724762	0	0	612.048	0
46	182	0	0.696105572	472.46818	465.711154	409.342722	473.780008	64.4372852	0	0	611.639	0
47	186	0	0.711238302	472.457002	467.567456	424.992091	473.780008	48.7879163	0	0	612.203	0
48	190	0	0.726371032	471.954045	468.94869	437.467734	473.780008	36.3122732	0	0	611.818	0
49	194	0	0.741503761	471.884303	469.960942	447.350283	473.780008	26.4297246	0	0	612.336	0
50	198	0	0.756636491	472.957163	470.714085	454.389786	473.780008	19.390222	0	0	612.08	0
51	201	0	0.771769221	473.36212	471.272095	458.891403	473.780008	14.888605	0	0	612.298	0
52	205	0	0.786901951	472.870793	471.683254	462.769515	473.780008	11.0104924	0	0	612.551	0
53	209	0	0.802034681	473.312476	471.993341	465.912665	473.780008	7.86734241	0	0	612.728	0
54	213	0	0.817167411	472.908474	472.1991	468.301328	473.780008	5.47867935	0	0	612.303	0
55	217	0	0.83230014	473.032726	472.338259	468.794074	473.780008	4.98593407	0	0	613.011	0
56	222	0	0.84743287	472.797936	472.456019	470.040852	473.780008	3.73915549	0	0	612.361	0
57	227	0	0.8625656	472.423629	472.526101	470.429515	473.780008	3.3504929	0	0	611.994	0
58	230	0	0.87769833	472.277034	472.58044	471.214032	473.780008	2.56597511	0	0	612.14	0
59	234	0	0.89283106	472.769283	472.616947	471.214032	473.780008	2.56597511	0	0	612.343	0
60	238	0	0.907963789	472.753491	472.662225	471.657004	473.780008	2.12300388	0	0	611.656	0
61	242	0	0.923096519	472.244375	472.679501	471.84867	473.780008	1.93133742	0	0	611.94	0
62	247	0	0.938229249	472.053479	472.685525	471.884303	473.780008	1.89570417	0	0	611.776	0
63	250	0	0.953361979	472.304153	472.684648	471.884303	473.780008	1.89570417	0	0	611.944	0
64	254	0	0.968494709	473.034154	472.709728	471.884303	473.780008	1.89570417	0	0	611.694	0
65	258	0	0.983627439	473.449471	472.710887	471.884303	473.780008	1.89570417	0	0	612.455	0
66	262	0	0.998760168	472.806395	472.703592	471.884303	473.780008	1.89570417	0	0	612.26	0
67	266	0	1.0138929	473.060046	472.719601	471.884303	473.780008	1.89570417	5.40962041	100	612.144	0
