Iteration	CPUTime	PhysTime	Travels	Value	AvValue	MinValue	MaxValue	Delta						   Criteria	Progress	dGMaxMin	CriteriaType	CriteriaVarType	CriteriaPercentage
1	9	0	0.0151327298	101325.651	101325.651	101325.651	101325.651	0	0	0	523.654	0	0	3
2	13	0	0.0302654596	101325.317	101325.484	101325.317	101325.651	0.167130423	0	0	267.934	0
3	16	0	0.0453981895	101325.14	101325.369	101325.14	101325.651	0.281846744	0	0	161.66	0
4	20	0	0.0605309193	101325.065	101325.293	101325.065	101325.651	0.357806848	0	0	150.546	0
5	23	0	0.0756636491	101325.05	101325.244	101325.05	101325.651	0.406433492	0	0	93.3344	0
6	26	0	0.0907963789	101325.05	101325.212	101325.05	101325.651	0.438795037	0	0	101.321	0
7	30	0	0.105929109	101325.051	101325.189	101325.05	101325.651	0.461832149	0	0	81.8258	0
8	34	0	0.121061839	101325.051	101325.172	101325.05	101325.651	0.479057579	0	0	78.8108	0
9	37	0	0.136194568	101325.049	101325.158	101325.049	101325.651	0.492682797	0	0	78.583	0
10	41	0	0.151327298	101325.047	101325.147	101325.047	101325.651	0.503822937	0	0	77.4863	0
11	45	0	0.166460028	101325.044	101325.138	101325.044	101325.651	0.513181989	0	0	77.3274	0
12	48	0	0.181592758	101325.041	101325.13	101325.041	101325.651	0.521204628	0	0	77.1748	0
13	51	0	0.196725488	101325.039	101325.123	101325.039	101325.651	0.528204324	0	0	77.2455	0
14	55	0	0.211858218	101325.037	101325.117	101325.037	101325.651	0.534353164	0	0	77.4685	0
15	58	0	0.226990947	101325.034	101325.111	101325.034	101325.651	0.539822239	0	0	77.5196	0
16	62	0	0.242123677	101325.031	101325.106	101325.031	101325.651	0.544844227	0	0	77.4071	0
17	65	0	0.257256407	101325.026	101325.101	101325.026	101325.651	0.549542102	0	0	77.1324	0
18	68	0	0.272389137	101325.022	101325.097	101325.022	101325.651	0.553956115	0	0	77.0747	0
19	72	0	0.287521867	101325.018	101325.093	101325.018	101325.651	0.558111061	0	0	76.8426	0
20	75	0	0.302654596	101325.016	101325.089	101325.016	101325.651	0.561963599	0	0	76.6557	0
21	79	0	0.317787326	101325.016	101325.085	101325.016	101325.651	0.565426043	0	0	76.3784	0
22	82	0	0.332920056	101325.023	101325.083	101325.016	101325.651	0.568259705	0	0	76.158	0
23	85	0	0.348052786	101325.034	101325.08	101325.016	101325.651	0.570375336	0	0	75.8781	0
24	89	0	0.363185516	101325.045	101325.079	101325.016	101325.651	0.571872736	0	0	75.6981	0
25	92	0	0.378318246	101325.051	101325.078	101325.016	101325.651	0.572988419	0	0	75.6693	0
26	96	0	0.393450975	101325.053	101325.077	101325.016	101325.651	0.573963737	0	0	75.5478	0
27	99	0	0.408583705	101325.052	101325.076	101325.016	101325.651	0.574872803	0	0	75.4529	0
28	103	0	0.423716435	101325.051	101325.075	101325.016	101325.651	0.575762253	0	0	75.248	0
29	107	0	0.438849165	101325.049	101325.074	101325.016	101325.651	0.576658779	0	0	75.1524	0
30	110	0	0.453981895	101325.048	101325.073	101325.016	101325.651	0.577549044	0	0	74.9662	0
31	114	0	0.469114625	101325.046	101325.072	101325.016	101325.651	0.578431451	0	0	74.8794	0
32	117	0	0.484247354	101325.045	101325.072	101325.016	101325.651	0.579295681	0	0	74.7182	0
33	121	0	0.499380084	101325.044	101325.071	101325.016	101325.651	0.580117619	0	0	74.5937	0
34	124	0	0.514512814	101325.045	101325.07	101325.016	101325.651	0.580882894	0	0	74.4605	0
35	128	0	0.529645544	101325.045	101325.052	101325.016	101325.317	0.300900964	0	0	74.3997	0
36	132	0	0.544778274	101325.045	101325.044	101325.016	101325.14	0.123882423	0	0	74.2845	0
37	135	0	0.559911003	101325.045	101325.041	101325.016	101325.065	0.0494746492	0	0	74.2034	0
38	139	0	0.575043733	101325.044	101325.041	101325.016	101325.053	0.0368151314	0	0	74.0922	0
39	142	0	0.590176463	101325.045	101325.041	101325.016	101325.053	0.0368151314	0	0	74.0112	0
40	145	0	0.605309193	101325.044	101325.04	101325.016	101325.053	0.0368151314	0	0	73.9109	0
41	149	0	0.620441923	101325.044	101325.04	101325.016	101325.053	0.0368151314	0	0	73.8724	0
42	152	0	0.635574653	101325.044	101325.04	101325.016	101325.053	0.0368151314	0	0	73.8155	0
43	155	0	0.650707382	101325.044	101325.04	101325.016	101325.053	0.0368151314	0	0	73.7867	0
44	159	0	0.665840112	101325.044	101325.04	101325.016	101325.053	0.0368151314	0	0	73.7484	0
45	162	0	0.680972842	101325.044	101325.04	101325.016	101325.053	0.0368151314	0	0	73.7376	0
46	166	0	0.696105572	101325.044	101325.04	101325.016	101325.053	0.0368151314	0	0	73.6957	0
47	169	0	0.711238302	101325.044	101325.04	101325.016	101325.053	0.0368151314	0	0	73.698	0
48	173	0	0.726371032	101325.044	101325.04	101325.016	101325.053	0.0368151314	0	0	73.6807	0
49	176	0	0.741503761	101325.044	101325.041	101325.016	101325.053	0.0368151314	0	0	73.6703	0
50	180	0	0.756636491	101325.044	101325.041	101325.016	101325.053	0.0368151314	0	0	73.6545	0
51	183	0	0.771769221	101325.044	101325.041	101325.016	101325.053	0.0368151314	0	0	73.6508	0
52	187	0	0.786901951	101325.044	101325.042	101325.016	101325.053	0.0368151314	0	0	73.622	0
53	190	0	0.802034681	101325.044	101325.043	101325.016	101325.053	0.0368151314	0	0	73.6253	0
54	194	0	0.817167411	101325.044	101325.044	101325.016	101325.053	0.0363282529	0	0	73.6089	0
55	197	0	0.83230014	101325.044	101325.045	101325.023	101325.053	0.0294199306	0	0	73.6077	0
56	200	0	0.84743287	101325.044	101325.045	101325.034	101325.053	0.018572536	0	0	73.5954	0
57	204	0	0.8625656	101325.044	101325.045	101325.044	101325.053	0.00873525233	0	0	73.598	0
58	207	0	0.87769833	101325.044	101325.045	101325.044	101325.053	0.00875493583	0	0	73.5812	0
59	211	0	0.89283106	101325.044	101325.045	101325.044	101325.053	0.00877385879	0	0	73.5817	0
60	214	0	0.907963789	101325.044	101325.045	101325.044	101325.052	0.00863254501	0	0	73.5649	0
61	217	0	0.923096519	101325.044	101325.045	101325.044	101325.051	0.0074194882	0	0	73.5566	0
62	221	0	0.938229249	101325.044	101325.044	101325.044	101325.049	0.00545491032	0	0	73.5541	0
63	225	0	0.953361979	101325.044	101325.044	101325.044	101325.048	0.00384970928	0	0	73.5697	0
64	229	0	0.968494709	101325.044	101325.044	101325.044	101325.046	0.00232990675	0	0	73.5638	0
65	233	0	0.983627439	101325.044	101325.044	101325.044	101325.045	0.00117566557	0	0	73.5802	0
66	237	0	0.998760168	101325.044	101325.044	101325.044	101325.045	0.00120198893	0	0	73.5696	0
67	240	0	1.0138929	101325.044	101325.044	101325.044	101325.045	0.00120400365	0.00371647269	0	73.5855	0
68	243	0	1.02902563	101325.044	101325.044	101325.044	101325.045	0.00121237348	0.00371647269	0	73.5895	0
69	247	0	1.04415836	101325.044	101325.044	101325.044	101325.045	0.00101498689	0.00371647269	0	73.5976	0
70	250	0	1.05929109	101325.044	101325.044	101325.044	101325.045	0.000938462952	0.00371647269	0	73.5774	0
71	255	0	1.07442382	101325.044	101325.044	101325.044	101325.045	0.000937314762	0.00371647269	0	73.59	0
72	259	0	1.08955655	101325.044	101325.044	101325.044	101325.045	0.000955468568	0.00371647269	0	73.5793	0
73	263	0	1.10468928	101325.044	101325.044	101325.044	101325.044	0.000927032757	0.00371647269	0	73.5824	0
74	267	0	1.11982201	101325.044	101325.044	101325.044	101325.044	0.000826866337	0.00371647269	0	73.5633	0
