Iteration	CPUTime	PhysTime	Travels	Value	AvValue	MinValue	MaxValue	Delta						   Criteria	Progress	dGMaxMin	CriteriaType	CriteriaVarType	CriteriaPercentage
1	9	0	0.0151327298	293.790879	293.790879	293.790879	293.790879	0	0	0	27.0692	0	0	3
2	13	0	0.0302654596	294.578015	294.184447	293.790879	294.578015	0.393568185	0	0	56.8257	0
3	16	0	0.0453981895	295.596131	294.655008	293.790879	295.596131	0.864129336	0	0	89.852	0
4	20	0	0.0605309193	296.852616	295.20441	293.790879	296.852616	1.41353118	0	0	126.334	0
5	23	0	0.0756636491	298.33519	295.830566	293.790879	298.33519	2.0396872	0	0	166.446	0
6	26	0	0.0907963789	300.075685	296.538086	293.790879	300.075685	2.74720699	0	0	210.496	0
7	30	0	0.105929109	302.196706	297.34646	293.790879	302.196706	3.55558123	0	0	258.861	0
8	34	0	0.121061839	304.598511	298.252966	293.790879	304.598511	4.46208754	0	0	311.88	0
9	37	0	0.136194568	307.234966	299.250966	293.790879	307.234966	5.46008752	0	0	369.838	0
10	41	0	0.151327298	310.147117	300.340581	293.790879	310.147117	6.54970259	0	0	432.92	0
11	45	0	0.166460028	313.625734	301.548323	293.790879	313.625734	7.75744372	0	0	502.245	0
12	48	0	0.181592758	317.150282	302.848486	293.790879	317.150282	9.05760699	0	0	576.797	0
13	51	0	0.196725488	320.714633	304.222805	293.790879	320.714633	10.431926	0	0	657.092	0
14	55	0	0.211858218	324.446779	305.667374	293.790879	324.446779	11.8764956	0	0	742.635	0
15	58	0	0.226990947	328.200513	307.169584	293.790879	328.200513	13.3787048	0	0	833.358	0
16	62	0	0.242123677	332.453923	308.749855	293.790879	332.453923	14.958976	0	0	929.173	0
17	65	0	0.257256407	336.578049	310.386808	293.790879	336.578049	16.5959286	0	0	1026.83	0
18	68	0	0.272389137	340.657289	312.068501	293.790879	340.657289	18.277622	0	0	1125.93	0
19	72	0	0.287521867	344.482198	313.774485	293.790879	344.482198	19.9836061	0	0	1219.32	0
20	75	0	0.302654596	347.89665	315.480593	293.790879	347.89665	21.6897143	0	0	1300.24	0
21	79	0	0.317787326	351.387882	317.190464	293.790879	351.387882	23.3995852	0	0	1368.73	0
22	82	0	0.332920056	353.977716	318.862612	293.790879	353.977716	25.071733	0	0	1410.97	0
23	85	0	0.348052786	356.17787	320.485014	293.790879	356.17787	26.6941356	0	0	1439.04	0
24	89	0	0.363185516	358.169488	322.055201	293.790879	358.169488	28.264322	0	0	1458.84	0
25	92	0	0.378318246	360.170879	323.579828	293.790879	360.170879	29.7889491	0	0	1482.32	0
26	96	0	0.393450975	362.860628	325.090628	293.790879	362.860628	31.2997491	0	0	1510.41	0
27	99	0	0.408583705	364.926977	326.566048	293.790879	364.926977	32.7751695	0	0	1534.54	0
28	103	0	0.423716435	366.678591	327.998639	293.790879	366.678591	34.2077603	0	0	1559.74	0
29	107	0	0.438849165	368.19578	329.384747	293.790879	368.19578	35.5938686	0	0	1581.27	0
30	110	0	0.453981895	369.644517	330.72674	293.790879	369.644517	36.9358609	0	0	1600.74	0
31	114	0	0.469114625	371.294482	332.035377	293.790879	371.294482	38.2444977	0	0	1616.57	0
32	117	0	0.484247354	372.806024	333.309459	293.790879	372.806024	39.5185805	0	0	1626.54	0
33	121	0	0.499380084	373.970533	334.541613	293.790879	373.970533	40.7507342	0	0	1630.06	0
34	124	0	0.514512814	374.802493	335.725757	293.790879	374.802493	41.9348778	0	0	1629.22	0
35	128	0	0.529645544	375.427928	338.126846	294.578015	375.427928	43.9423993	0	0	1632.43	0
36	132	0	0.544778274	376.108491	340.524802	295.596131	376.108491	45.8697933	0	0	1639.55	0
37	135	0	0.559911003	376.699957	342.910208	296.852616	376.699957	47.7057981	0	0	1647.58	0
38	139	0	0.575043733	376.981007	345.266926	298.33519	376.981007	49.4363595	0	0	1651.54	0
39	142	0	0.590176463	377.411635	347.592703	300.075685	377.411635	51.0546175	0	0	1657.57	0
40	145	0	0.605309193	377.948664	349.883085	302.196706	377.948664	52.536625	0	0	1659.81	0
41	149	0	0.620441923	377.552325	352.099427	304.598511	377.948664	53.8464604	0	0	1657.5	0
42	152	0	0.635574653	377.666362	354.248481	307.234966	377.948664	54.9975149	0	0	1660.16	0
43	155	0	0.650707382	377.857186	356.325605	310.147117	377.948664	55.985024	0	0	1658.29	0
44	159	0	0.665840112	377.553527	358.308147	313.625734	377.948664	56.7598243	0	0	1657.96	0
45	162	0	0.680972842	377.767608	360.194673	317.150282	377.948664	57.3461867	0	0	1660.23	0
46	166	0	0.696105572	377.781272	361.977937	320.714633	377.948664	57.234031	0	0	1663.86	0
47	169	0	0.711238302	377.688133	363.653628	324.446779	377.948664	53.5018845	0	0	1661.1	0
48	173	0	0.726371032	377.792995	365.222635	328.200513	377.948664	49.7481508	0	0	1666.15	0
49	176	0	0.741503761	378.232293	366.694157	332.453923	378.232293	45.77837	0	0	1674.66	0
50	180	0	0.756636491	378.119633	368.037267	336.578049	378.232293	41.6542443	0	0	1672.65	0
51	183	0	0.771769221	378.162457	369.260337	340.657289	378.232293	37.5750043	0	0	1672.03	0
52	187	0	0.786901951	378.027699	370.359467	344.482198	378.232293	33.7500958	0	0	1670.92	0
53	190	0	0.802034681	378.439015	371.358197	347.89665	378.439015	30.5423655	0	0	1671.83	0
54	194	0	0.817167411	378.468012	372.257355	351.387882	378.468012	27.0801304	0	0	1672.34	0
55	197	0	0.83230014	378.611944	373.058063	353.977716	378.611944	24.6342276	0	0	1674.13	0
56	200	0	0.84743287	378.668445	373.78426	356.17787	378.668445	22.4905751	0	0	1675.61	0
57	204	0	0.8625656	378.775274	374.44889	358.169488	378.775274	20.6057856	0	0	1675.2	0
58	207	0	0.87769833	378.481732	375.046309	360.170879	378.775274	18.6043946	0	0	1670.43	0
59	211	0	0.89283106	378.794623	375.594066	362.860628	378.794623	15.9339952	0	0	1676.25	0
60	214	0	0.907963789	378.66303	376.058843	364.926977	378.794623	13.8676462	0	0	1673.91	0
61	217	0	0.923096519	378.687335	376.463559	366.678591	378.794623	12.1160324	0	0	1673.6	0
62	221	0	0.938229249	378.474209	376.810489	368.19578	378.794623	10.5988439	0	0	1669.45	0
63	225	0	0.953361979	378.594151	377.116323	369.644517	378.794623	9.15010684	0	0	1669.74	0
64	229	0	0.968494709	378.319267	377.371463	371.294482	378.794623	7.50014107	0	0	1667.75	0
65	233	0	0.983627439	378.617766	377.586854	372.806024	378.794623	5.98859898	0	0	1669.11	0
66	237	0	0.998760168	378.371686	377.75055	373.970533	378.794623	4.82409014	0	0	1670.27	0
67	240	0	1.0138929	378.628804	377.887558	374.802493	378.794623	3.99213011	2.49595479	0	1672.35	0
68	243	0	1.02902563	378.154454	377.986145	375.427928	378.794623	3.36669529	2.49595479	0	1671.09	0
69	247	0	1.04415836	378.616916	378.079939	376.108491	378.794623	2.68613262	2.49595479	0	1675.31	0
70	250	0	1.05929109	378.39635	378.147228	376.699957	378.794623	2.09466599	2.49595479	0	1674.55	0
71	255	0	1.07442382	378.524546	378.200893	376.981007	378.794623	1.81361644	2.49595479	0	1673.42	0
72	259	0	1.08955655	378.246586	378.238116	377.411635	378.794623	1.38298804	2.49595479	0	1670.72	0
73	263	0	1.10468928	378.485079	378.269688	377.552325	378.794623	1.24229836	2.49595479	0	1671.1	0
74	267	0	1.11982201	378.18275	378.276573	377.552325	378.794623	1.24229836	2.49595479	0	1665.97	0
