Iteration	CPUTime	PhysTime	Travels	Value	AvValue	MinValue	MaxValue	Delta						   Criteria	Progress	dGMaxMin	CriteriaType	CriteriaVarType	CriteriaPercentage
1	9	0	0.0151327298	293.204445	293.204445	293.204445	293.204445	0	0	0	27.0692	0	0	3
2	13	0	0.0302654596	293.246027	293.225236	293.204445	293.246027	0.020790742	0	0	56.8257	0
3	16	0	0.0453981895	293.42898	293.293151	293.204445	293.42898	0.088705573	0	0	89.852	0
4	20	0	0.0605309193	293.955861	293.458828	293.204445	293.955861	0.254383155	0	0	126.334	0
5	23	0	0.0756636491	295.068153	293.780693	293.204445	295.068153	0.576248065	0	0	166.446	0
6	26	0	0.0907963789	296.958789	294.310376	293.204445	296.958789	1.10593076	0	0	210.496	0
7	30	0	0.105929109	300.821426	295.240526	293.204445	300.821426	2.03608072	0	0	258.861	0
8	34	0	0.121061839	306.184084	296.608471	293.204445	306.184084	3.40402547	0	0	311.88	0
9	37	0	0.136194568	312.855063	298.413648	293.204445	312.855063	5.20920242	0	0	369.838	0
10	41	0	0.151327298	320.618315	300.634114	293.204445	320.618315	7.42966912	0	0	432.92	0
11	45	0	0.166460028	332.10862	303.495433	293.204445	332.10862	10.2909878	0	0	502.245	0
12	48	0	0.181592758	343.424359	306.822844	293.204445	343.424359	13.6183984	0	0	576.797	0
13	51	0	0.196725488	354.487607	310.489364	293.204445	354.487607	17.2849187	0	0	657.092	0
14	55	0	0.211858218	367.412112	314.555274	293.204445	367.412112	21.3508292	0	0	742.635	0
15	58	0	0.226990947	379.806869	318.905381	293.204445	379.806869	25.7009355	0	0	833.358	0
16	62	0	0.242123677	392.954695	323.533463	293.204445	392.954695	30.3290177	0	0	929.173	0
17	65	0	0.257256407	408.753807	328.546424	293.204445	408.753807	35.3419791	0	0	1026.83	0
18	68	0	0.272389137	424.01217	333.850077	293.204445	424.01217	40.6456316	0	0	1125.93	0
19	72	0	0.287521867	440.211416	339.448042	293.204445	440.211416	46.2435969	0	0	1219.32	0
20	75	0	0.302654596	456.554745	345.303377	293.204445	456.554745	52.098932	0	0	1300.24	0
21	79	0	0.317787326	474.554018	351.45817	293.204445	474.554018	58.2537244	0	0	1368.73	0
22	82	0	0.332920056	486.635515	357.602594	293.204445	486.635515	64.3981492	0	0	1410.97	0
23	85	0	0.348052786	498.452435	363.726501	293.204445	498.452435	70.5220554	0	0	1439.04	0
24	89	0	0.363185516	509.060759	369.782095	293.204445	509.060759	76.5776495	0	0	1458.84	0
25	92	0	0.378318246	520.854382	375.824986	293.204445	520.854382	82.620541	0	0	1482.32	0
26	96	0	0.393450975	537.561654	382.045627	293.204445	537.561654	88.841182	0	0	1510.41	0
27	99	0	0.408583705	553.441038	388.393605	293.204445	553.441038	95.1891602	0	0	1534.54	0
28	103	0	0.423716435	565.959695	394.735251	293.204445	565.959695	101.530806	0	0	1559.74	0
29	107	0	0.438849165	578.126836	401.059099	293.204445	578.126836	107.854654	0	0	1581.27	0
30	110	0	0.453981895	588.947905	407.322059	293.204445	588.947905	114.117614	0	0	1600.74	0
31	114	0	0.469114625	601.590279	413.588776	293.204445	601.590279	120.384331	0	0	1616.57	0
32	117	0	0.484247354	612.685806	419.810558	293.204445	612.685806	126.606113	0	0	1626.54	0
33	121	0	0.499380084	622.633018	425.956693	293.204445	622.633018	132.752248	0	0	1630.06	0
34	124	0	0.514512814	630.031609	431.958897	293.204445	630.031609	138.754452	0	0	1629.22	0
35	128	0	0.529645544	636.132343	442.045012	293.246027	636.132343	148.819776	0	0	1632.43	0
36	132	0	0.544778274	640.752693	452.265796	293.42898	640.752693	158.972645	0	0	1639.55	0
37	135	0	0.559911003	643.618769	462.565495	293.955861	643.618769	169.106667	0	0	1647.58	0
38	139	0	0.575043733	645.010702	472.890638	295.068153	645.010702	179.109945	0	0	1651.54	0
39	142	0	0.590176463	648.012425	483.271352	296.958789	648.012425	188.960976	0	0	1657.57	0
40	145	0	0.605309193	649.323488	493.635019	300.821426	649.323488	198.394493	0	0	1659.81	0
41	149	0	0.620441923	649.776563	503.898406	306.184084	649.776563	207.289935	0	0	1657.5	0
42	152	0	0.635574653	649.520341	513.996531	312.855063	649.776563	215.582883	0	0	1660.16	0
43	155	0	0.650707382	648.452304	523.867038	320.618315	649.776563	223.232924	0	0	1658.29	0
44	159	0	0.665840112	648.401082	533.507708	332.10862	649.776563	230.012275	0	0	1657.96	0
45	162	0	0.680972842	649.021202	542.828666	343.424359	649.776563	236.005822	0	0	1660.23	0
46	166	0	0.696105572	649.050198	551.817661	354.487607	649.776563	241.328297	0	0	1663.86	0
47	169	0	0.711238302	648.697714	560.4709	367.412112	649.776563	245.915625	0	0	1661.1	0
48	173	0	0.726371032	648.939141	568.751106	379.806869	649.776563	249.845726	0	0	1666.15	0
49	176	0	0.741503761	649.140628	576.672688	392.954695	649.776563	253.139225	0	0	1674.66	0
50	180	0	0.756636491	649.513132	584.218524	408.753807	649.776563	241.022755	0	0	1672.65	0
51	183	0	0.771769221	649.700752	591.305199	424.01217	649.776563	225.764393	0	0	1672.03	0
52	187	0	0.786901951	647.779891	597.886602	440.211416	649.776563	209.565147	0	0	1670.92	0
53	190	0	0.802034681	648.925888	604.025263	456.554745	649.776563	193.221818	0	0	1671.83	0
54	194	0	0.817167411	650.322375	609.724311	474.554018	650.322375	175.768356	0	0	1672.34	0
55	197	0	0.83230014	652.13386	614.947248	486.635515	652.13386	165.498345	0	0	1674.13	0
56	200	0	0.84743287	652.357811	619.821433	498.452435	652.357811	153.905375	0	0	1675.61	0
57	204	0	0.8625656	653.825816	624.391238	509.060759	653.825816	144.765057	0	0	1675.2	0
58	207	0	0.87769833	654.077019	628.656422	520.854382	654.077019	133.222636	0	0	1670.43	0
59	211	0	0.89283106	654.91415	632.599357	537.561654	654.91415	117.352496	0	0	1676.25	0
60	214	0	0.907963789	654.616582	636.042149	553.441038	654.91415	101.473112	0	0	1673.91	0
61	217	0	0.923096519	655.422138	639.041593	565.959695	655.422138	89.4624432	0	0	1673.6	0
62	221	0	0.938229249	655.059453	641.662174	578.126836	655.422138	77.2953022	0	0	1669.45	0
63	225	0	0.953361979	655.999937	643.952559	588.947905	655.999937	67.0520316	0	0	1669.74	0
64	229	0	0.968494709	655.866933	645.920766	601.590279	655.999937	54.4096574	0	0	1667.75	0
65	233	0	0.983627439	655.814408	647.515593	612.685806	655.999937	43.3141308	0	0	1669.11	0
66	237	0	0.998760168	654.157457	648.735348	622.633018	655.999937	33.3669189	0	0	1670.27	0
67	240	0	1.0138929	654.780311	649.680856	630.031609	655.999937	25.9683279	10.8771287	41.8	1672.35	0
68	243	0	1.02902563	652.912332	650.353819	636.132343	655.999937	19.8675936	10.8771287	54.7	1671.09	0
69	247	0	1.04415836	655.337193	650.918667	640.752693	655.999937	15.2472439	10.8771287	71.3	1675.31	0
70	250	0	1.05929109	656.125241	651.370801	643.618769	656.125241	12.5064722	10.8771287	86.9	1674.55	0
71	255	0	1.07442382	656.146486	651.739263	645.010702	656.146486	11.1357832	10.8771287	97.6	1673.42	0
72	259	0	1.08955655	656.099342	652.0654	647.779891	656.146486	8.36659447	10.8771287	100	1670.72	0
73	263	0	1.10468928	656.069785	652.302381	647.779891	656.146486	8.36659447	10.8771287	100	1671.1	0
74	267	0	1.11982201	655.580253	652.486403	647.779891	656.146486	8.36659447	10.8771287	100	1665.97	0
