Iteration	CPUTime	PhysTime	Travels	Value	AvValue	MinValue	MaxValue	Delta						   Criteria	Progress	dGMaxMin	CriteriaType	CriteriaVarType	CriteriaPercentage
1	10	0	0.0151327298	293.204402	293.204402	293.204402	293.204402	0	0	0	27.0585	0	0	3
2	14	0	0.0302654596	293.231257	293.217829	293.204402	293.231257	0.0134276603	0	0	56.811	0
3	18	0	0.0453981895	293.356628	293.264096	293.204402	293.356628	0.0596937167	0	0	89.841	0
4	22	0	0.0605309193	293.651617	293.360976	293.204402	293.651617	0.156574146	0	0	126.318	0
5	26	0	0.0756636491	294.222134	293.533208	293.204402	294.222134	0.328805697	0	0	166.484	0
6	31	0	0.0907963789	295.593728	293.876628	293.204402	295.593728	0.672225776	0	0	210.677	0
7	35	0	0.105929109	297.795874	294.43652	293.204402	297.795874	1.23211812	0	0	259.021	0
8	39	0	0.121061839	300.88284	295.24231	293.204402	300.88284	2.03790807	0	0	312.023	0
9	42	0	0.136194568	304.836333	296.308312	293.204402	304.836333	3.10391062	0	0	369.99	0
10	46	0	0.151327298	309.232253	297.600706	293.204402	309.232253	4.39630465	0	0	433.412	0
11	49	0	0.166460028	316.484318	299.317398	293.204402	316.484318	6.11299661	0	0	503.203	0
12	53	0	0.181592758	324.28875	301.398344	293.204402	324.28875	8.19394258	0	0	578.41	0
13	60	0	0.196725488	332.037721	303.75522	293.204402	332.037721	10.5508177	0	0	659.467	0
14	66	0	0.211858218	340.626266	306.388866	293.204402	340.626266	13.1844639	0	0	746.217	0
15	70	0	0.226990947	349.362278	309.25376	293.204402	349.362278	16.0493581	0	0	838.927	0
16	73	0	0.242123677	361.758198	312.535287	293.204402	361.758198	19.3308854	0	0	938.615	0
17	77	0	0.257256407	374.28076	316.167374	293.204402	374.28076	22.962972	0	0	1041.99	0
18	80	0	0.272389137	387.218194	320.114642	293.204402	387.218194	26.9102399	0	0	1148.52	0
19	84	0	0.287521867	399.937521	324.315846	293.204402	399.937521	31.111444	0	0	1254.74	0
20	87	0	0.302654596	413.05326	328.752717	293.204402	413.05326	35.5483148	0	0	1353.19	0
21	91	0	0.317787326	431.663873	333.653248	293.204402	431.663873	40.448846	0	0	1445.33	0
22	94	0	0.332920056	449.718309	338.928932	293.204402	449.718309	45.7245306	0	0	1514.76	0
23	97	0	0.348052786	464.673096	344.39607	293.204402	464.673096	51.1916682	0	0	1560.28	0
24	101	0	0.363185516	476.503707	349.900555	293.204402	476.503707	56.696153	0	0	1591.6	0
25	104	0	0.378318246	486.948091	355.382456	293.204402	486.948091	62.1780545	0	0	1616.99	0
26	108	0	0.393450975	496.138877	360.796165	293.204402	496.138877	67.591763	0	0	1652.4	0
27	111	0	0.408583705	502.483292	366.043836	293.204402	502.483292	72.8394343	0	0	1672.52	0
28	115	0	0.423716435	508.131402	371.118392	293.204402	508.131402	77.9139903	0	0	1693.49	0
29	118	0	0.438849165	514.321321	376.056424	293.204402	514.321321	82.8520223	0	0	1708.75	0
30	122	0	0.453981895	521.09262	380.890964	293.204402	521.09262	87.6865621	0	0	1704.14	0
31	125	0	0.469114625	527.257557	385.612467	293.204402	527.257557	92.4080651	0	0	1709.94	0
32	129	0	0.484247354	533.197815	390.224509	293.204402	533.197815	97.0201073	0	0	1708.88	0
33	132	0	0.499380084	539.661103	394.752891	293.204402	539.661103	101.548489	0	0	1706.07	0
34	135	0	0.514512814	542.325613	399.093265	293.204402	542.325613	105.888863	0	0	1707.25	0
35	139	0	0.529645544	544.265008	406.4774	293.231257	544.265008	113.259571	0	0	1709.37	0
36	142	0	0.544778274	544.353596	413.863351	293.356628	544.353596	120.599256	0	0	1711.11	0
37	146	0	0.559911003	545.842082	421.289394	293.651617	545.842082	127.928418	0	0	1713.37	0
38	149	0	0.575043733	545.749612	428.704041	294.222134	545.842082	135.170834	0	0	1714.89	0
39	153	0	0.590176463	547.128886	436.142475	295.593728	547.128886	142.265847	0	0	1712.45	0
40	156	0	0.605309193	546.754176	443.529547	297.795874	547.128886	149.093027	0	0	1713.38	0
41	160	0	0.620441923	547.683014	450.879169	300.88284	547.683014	155.636859	0	0	1712.78	0
42	163	0	0.635574653	546.652217	458.10768	304.836333	547.683014	161.799367	0	0	1711.65	0
43	167	0	0.650707382	549.320597	465.298394	309.232253	549.320597	167.697687	0	0	1714.03	0
44	170	0	0.665840112	547.428678	472.304171	316.484318	549.320597	172.986772	0	0	1715.01	0
45	174	0	0.680972842	549.597482	479.16044	324.28875	549.597482	177.762096	0	0	1717.7	0
46	177	0	0.696105572	548.753209	485.762336	332.037721	549.597482	182.007117	0	0	1722.03	0
47	181	0	0.711238302	548.772354	492.136884	340.626266	549.597482	185.748018	0	0	1718.68	0
48	184	0	0.726371032	547.513557	498.221804	349.362278	549.597482	188.968045	0	0	1720.32	0
49	188	0	0.741503761	548.937011	504.09165	361.758198	549.597482	187.839284	0	0	1717.81	0
50	191	0	0.756636491	547.675735	509.559812	374.28076	549.597482	175.316722	0	0	1716.86	0
51	195	0	0.771769221	549.553031	514.714879	387.218194	549.597482	162.379287	0	0	1717.9	0
52	198	0	0.786901951	549.480074	519.487287	399.937521	549.597482	149.659961	0	0	1716.56	0
53	202	0	0.802034681	548.861559	523.867406	413.05326	549.597482	136.544222	0	0	1716.48	0
54	205	0	0.817167411	548.610112	527.854372	431.663873	549.597482	117.933609	0	0	1713.77	0
55	209	0	0.83230014	549.879733	531.33131	449.718309	549.879733	100.161424	0	0	1718.56	0
56	212	0	0.84743287	547.890363	534.218723	464.673096	549.879733	85.206637	0	0	1715.28	0
57	216	0	0.8625656	549.454687	536.712299	476.503707	549.879733	73.3760255	0	0	1718.68	0
58	219	0	0.87769833	548.115585	538.818531	486.948091	549.879733	62.9316418	0	0	1718.11	0
59	223	0	0.89283106	548.624006	540.632528	496.138877	549.879733	53.7408556	0	0	1722.83	0
60	226	0	0.907963789	547.534244	542.144157	502.483292	549.879733	47.3964408	0	0	1716.1	0
61	230	0	0.923096519	549.932127	543.539711	508.131402	549.932127	41.8007257	0	0	1717.1	0
62	233	0	0.938229249	548.202433	544.71827	514.321321	549.932127	35.6108064	0	0	1713.5	0
63	237	0	0.953361979	550.602295	545.785358	521.09262	550.602295	29.5096755	0	0	1717.37	0
64	241	0	0.968494709	547.91916	546.574374	527.257557	550.602295	23.3447383	0	0	1717.36	0
65	244	0	0.983627439	548.602325	547.202161	533.197815	550.602295	17.4044806	0	0	1719.86	0
66	248	0	0.998760168	548.788645	547.660715	539.661103	550.602295	10.941192	0	0	1719.37	0
67	251	0	1.0138929	551.479462	548.008314	542.325613	551.479462	9.15384915	7.74368502	84.5	1722.38	0
68	255	0	1.02902563	551.025566	548.264195	544.265008	551.479462	7.21445401	7.74368502	100	1719.82	0
