Iteration	CPUTime	PhysTime	Travels	Value	AvValue	MinValue	MaxValue	Delta						   Criteria	Progress	dGMaxMin	CriteriaType	CriteriaVarType	CriteriaPercentage
1	10	0	0.0151327298	0.220508483	0.220508483	0.220508483	0.220508483	0	0	0	0	0	0	3
2	14	0	0.0302654596	0.693512715	0.457010599	0.220508483	0.693512715	0.236502116	0	0	0	0
3	18	0	0.0453981895	1.1698552	0.694625465	0.220508483	1.1698552	0.474116983	0	0	0	0
4	22	0	0.0605309193	1.73189723	0.953943407	0.220508483	1.73189723	0.733434924	0	0	0	0
5	26	0	0.0756636491	2.45523551	1.25420183	0.220508483	2.45523551	1.03369334	0	0	0	0
6	31	0	0.0907963789	3.22769802	1.58311786	0.220508483	3.22769802	1.36260938	0	0	0	0
7	35	0	0.105929109	3.94577184	1.92063986	0.220508483	3.94577184	1.70013138	0	0	0	0
8	39	0	0.121061839	4.79006265	2.27931771	0.220508483	4.79006265	2.05880922	0	0	0	0
9	42	0	0.136194568	5.63685031	2.65237689	0.220508483	5.63685031	2.4318684	0	0	0	0
10	46	0	0.151327298	6.82123754	3.06926295	0.220508483	6.82123754	2.84875447	0	0	0	0
11	49	0	0.166460028	7.97590849	3.51532164	0.220508483	7.97590849	3.29481315	0	0	0	0
12	53	0	0.181592758	9.22784559	3.9913653	0.220508483	9.22784559	3.77085682	0	0	0	0
13	60	0	0.196725488	10.4446511	4.4877719	0.220508483	10.4446511	4.26726342	0	0	0	0
14	66	0	0.211858218	11.6977166	5.00276795	0.220508483	11.6977166	4.78225947	0	0	0	0
15	70	0	0.226990947	12.9149268	5.53024521	0.220508483	12.9149268	5.30973673	0	0	0	0
16	73	0	0.242123677	13.97782	6.05821864	0.220508483	13.97782	5.83771015	0	0	0	0
17	77	0	0.257256407	15.0415939	6.58665247	0.220508483	15.0415939	6.36614399	0	0	0	0
18	80	0	0.272389137	16.1254372	7.11658496	0.220508483	16.1254372	6.89607648	0	0	0	0
19	84	0	0.287521867	17.1373484	7.64399356	0.220508483	17.1373484	7.42348508	0	0	0	0
20	87	0	0.302654596	17.907582	8.15717298	0.220508483	17.907582	7.9366645	0	0	0	0
21	91	0	0.317787326	18.2994956	8.64014073	0.220508483	18.2994956	8.41963224	0	0	0	0
22	94	0	0.332920056	18.7064742	9.09770134	0.220508483	18.7064742	8.87719285	0	0	0	0
23	97	0	0.348052786	18.9050519	9.52410789	0.220508483	18.9050519	9.3035994	0	0	0	0
24	101	0	0.363185516	19.1007764	9.92313574	0.220508483	19.1007764	9.70262726	0	0	0	0
25	104	0	0.378318246	19.2451139	10.2960149	0.220508483	19.2451139	10.0755064	0	0	0	0
26	108	0	0.393450975	19.2676785	10.6410789	0.220508483	19.2676785	10.4205704	0	0	0	0
27	111	0	0.408583705	19.2703054	10.9606798	0.220508483	19.2703054	10.7401714	0	0	0	0
28	115	0	0.423716435	19.4465072	11.2637451	0.220508483	19.4465072	11.0432366	0	0	0	0
29	118	0	0.438849165	19.3743967	11.5434227	0.220508483	19.4465072	11.3229143	0	0	0	0
30	122	0	0.453981895	19.6311519	11.8130137	0.220508483	19.6311519	11.5925052	0	0	0	0
31	125	0	0.469114625	19.683208	12.0668909	0.220508483	19.683208	11.8463825	0	0	0	0
32	129	0	0.484247354	19.8194818	12.3091594	0.220508483	19.8194818	12.0886509	0	0	0	0
33	132	0	0.499380084	19.8538187	12.5377855	0.220508483	19.8538187	12.317277	0	0	0	0
34	135	0	0.514512814	19.9356143	12.7553687	0.220508483	19.9356143	12.5348602	0	0	0	0
35	139	0	0.529645544	19.9189203	13.3347337	0.693512715	19.9356143	12.8777231	0	0	0	0
36	142	0	0.544778274	20.0233128	13.9032572	1.1698552	20.0233128	13.2086318	0	0	0	0
37	146	0	0.559911003	19.9227807	14.4548139	1.73189723	20.0233128	13.5008705	0	0	0	0
38	149	0	0.575043733	20.0681135	14.9941143	2.45523551	20.0681135	13.7399125	0	0	0	0
39	153	0	0.590176463	19.7301874	15.5022012	3.22769802	20.0681135	13.9190833	0	0	0	0
40	156	0	0.605309193	20.1419223	15.9996784	3.94577184	20.1419223	14.0790385	0	0	0	0
41	160	0	0.620441923	19.8269055	16.4667705	4.79006265	20.1419223	14.1874528	0	0	0	0
42	163	0	0.635574653	20.2042851	16.92013	5.63685031	20.2042851	14.2677531	0	0	0	0
43	167	0	0.650707382	19.9486287	17.3410647	6.82123754	20.2042851	13.3830476	0	0	0	0
44	170	0	0.665840112	20.1416637	17.7328419	7.97590849	20.2042851	12.2283767	0	0	0	0
45	174	0	0.680972842	19.6615913	18.0765385	9.22784559	20.2042851	10.9764396	0	0	0	0
46	177	0	0.696105572	20.1682026	18.3983137	10.4446511	20.2042851	9.75963403	0	0	0	0
47	181	0	0.711238302	19.9734607	18.6785728	11.6977166	20.2042851	8.50656852	0	0	0	0
48	184	0	0.726371032	20.1704218	18.92777	12.9149268	20.2042851	7.28935831	0	0	0	0
49	188	0	0.741503761	19.7041061	19.1274517	13.97782	20.2042851	6.22646514	0	0	0	0
50	191	0	0.756636491	20.1500975	19.3089893	15.0415939	20.2042851	5.16269129	0	0	0	0
51	195	0	0.771769221	19.8759005	19.4511748	16.1254372	20.2042851	4.07884794	0	0	0	0
52	198	0	0.786901951	20.1712265	19.5701686	17.1373484	20.2042851	3.06693679	0	0	0	0
53	202	0	0.802034681	19.8255266	19.6492327	17.907582	20.2042851	2.29670315	0	0	0	0
54	205	0	0.817167411	20.1400095	19.7148923	18.2994956	20.2042851	1.90478952	0	0	0	0
55	209	0	0.83230014	19.8201796	19.7596183	18.7064742	20.2042851	1.49781096	0	0	0	0
56	212	0	0.84743287	20.2238049	19.8042457	18.9050519	20.2238049	1.31875299	0	0	0	0
57	216	0	0.8625656	19.7786614	19.8299401	19.1007764	20.2238049	1.1230285	0	0	0	0
58	219	0	0.87769833	20.0151459	19.8568333	19.2451139	20.2238049	0.978691004	0	0	0	0
59	223	0	0.89283106	19.7927761	19.872941	19.2676785	20.2238049	0.956126402	0	0	0	0
60	226	0	0.907963789	20.2611856	19.9021618	19.2703054	20.2611856	0.990880202	0	0	0	0
61	230	0	0.923096519	19.8303791	19.9186345	19.3743967	20.2611856	0.886788925	0	0	0	0
62	233	0	0.938229249	19.9818489	19.9343799	19.3743967	20.2611856	0.886788925	0	0	0	0
63	237	0	0.953361979	19.8297004	19.9477712	19.6311519	20.2611856	0.630033671	0	0	0	0
64	241	0	0.968494709	20.0311821	19.9595368	19.6615913	20.2611856	0.599594281	0	0	0	0
65	244	0	0.983627439	19.8489157	19.9644105	19.6615913	20.2611856	0.599594281	0	0	0	0
66	248	0	0.998760168	20.0805436	19.9720888	19.6615913	20.2611856	0.599594281	0	0	0	0
67	251	0	1.0138929	19.9503709	19.9749286	19.6615913	20.2611856	0.599594281	0.572739911	0	0	0
68	255	0	1.02902563	20.0491483	19.9782678	19.6615913	20.2611856	0.599594281	0.572739911	0	0	0
