Iteration	CPUTime	PhysTime	Travels	Value	AvValue	MinValue	MaxValue	Delta						   Criteria	Progress	dGMaxMin	CriteriaType	CriteriaVarType	CriteriaPercentage
1	10	0	0.0151327298	293.204652	293.204652	293.204652	293.204652	0	0	0	27.0585	0	0	3
2	14	0	0.0302654596	293.246281	293.225466	293.204652	293.246281	0.0208140789	0	0	56.811	0
3	18	0	0.0453981895	293.430385	293.293773	293.204652	293.430385	0.0891201732	0	0	89.841	0
4	22	0	0.0605309193	293.955588	293.459226	293.204652	293.955588	0.254574047	0	0	126.318	0
5	26	0	0.0756636491	295.079541	293.783289	293.204652	295.079541	0.578637007	0	0	166.484	0
6	31	0	0.0907963789	297.691102	294.434592	293.204652	297.691102	1.2299391	0	0	210.677	0
7	35	0	0.105929109	301.763209	295.481537	293.204652	301.763209	2.2768844	0	0	259.021	0
8	39	0	0.121061839	307.654006	297.003095	293.204652	307.654006	3.79844306	0	0	312.023	0
9	42	0	0.136194568	315.14833	299.019233	293.204652	315.14833	5.81458018	0	0	369.99	0
10	46	0	0.151327298	324.139309	301.53124	293.204652	324.139309	8.32658782	0	0	433.412	0
11	49	0	0.166460028	338.392236	304.88224	293.204652	338.392236	11.6775875	0	0	503.203	0
12	53	0	0.181592758	352.569712	308.856196	293.204652	352.569712	15.6515435	0	0	578.41	0
13	60	0	0.196725488	367.581888	313.373557	293.204652	367.581888	20.1689044	0	0	659.467	0
14	66	0	0.211858218	383.87564	318.40942	293.204652	383.87564	25.2047675	0	0	746.217	0
15	70	0	0.226990947	400.201348	323.862215	293.204652	400.201348	30.6575627	0	0	838.927	0
16	73	0	0.242123677	418.985869	329.807443	293.204652	418.985869	36.6027911	0	0	938.615	0
17	77	0	0.257256407	439.382746	336.25305	293.204652	439.382746	43.0483971	0	0	1041.99	0
18	80	0	0.272389137	462.360129	343.258998	293.204652	462.360129	50.054346	0	0	1148.52	0
19	84	0	0.287521867	481.947612	350.558399	293.204652	481.947612	57.3537467	0	0	1254.74	0
20	87	0	0.302654596	503.084368	358.184698	293.204652	503.084368	64.9800451	0	0	1353.19	0
21	91	0	0.317787326	526.777873	366.212944	293.204652	526.777873	73.0082916	0	0	1445.33	0
22	94	0	0.332920056	549.232531	374.532016	293.204652	549.232531	81.3273637	0	0	1514.76	0
23	97	0	0.348052786	565.691489	382.843298	293.204652	565.691489	89.6386452	0	0	1560.28	0
24	101	0	0.363185516	582.859017	391.177286	293.204652	582.859017	97.9726335	0	0	1591.6	0
25	104	0	0.378318246	597.689442	399.437772	293.204652	597.689442	106.23312	0	0	1616.99	0
26	108	0	0.393450975	619.734936	407.91074	293.204652	619.734936	114.706088	0	0	1652.4	0
27	111	0	0.408583705	635.402349	416.336355	293.204652	635.402349	123.131703	0	0	1672.52	0
28	115	0	0.423716435	650.78792	424.709625	293.204652	650.78792	131.504973	0	0	1693.49	0
29	118	0	0.438849165	663.067321	432.928856	293.204652	663.067321	139.724204	0	0	1708.75	0
30	122	0	0.453981895	673.060348	440.933239	293.204652	673.060348	147.728587	0	0	1704.14	0
31	125	0	0.469114625	682.374787	448.721676	293.204652	682.374787	155.517024	0	0	1709.94	0
32	129	0	0.484247354	686.090032	456.139437	293.204652	686.090032	162.934785	0	0	1708.88	0
33	132	0	0.499380084	689.207135	463.202095	293.204652	689.207135	169.997442	0	0	1706.07	0
34	135	0	0.514512814	691.339773	469.912027	293.204652	691.339773	176.707374	0	0	1707.25	0
35	139	0	0.529645544	692.010465	481.641609	293.246281	692.010465	188.416143	0	0	1709.37	0
36	142	0	0.544778274	692.988409	493.398731	293.430385	692.988409	200.104958	0	0	1711.11	0
37	146	0	0.559911003	693.551057	505.166986	293.955588	693.551057	211.707759	0	0	1713.37	0
38	149	0	0.575043733	696.779486	517.014748	295.079541	696.779486	223.231458	0	0	1714.89	0
39	153	0	0.590176463	696.498529	528.821188	297.691102	696.779486	234.386597	0	0	1712.45	0
40	156	0	0.605309193	696.745675	540.558088	301.763209	696.779486	245.076551	0	0	1713.38	0
41	160	0	0.620441923	696.284359	552.161651	307.654006	696.779486	255.158555	0	0	1712.78	0
42	163	0	0.635574653	695.008809	563.554439	315.14833	696.779486	264.535207	0	0	1711.65	0
43	167	0	0.650707382	694.534031	574.712842	324.139309	696.779486	273.181602	0	0	1714.03	0
44	170	0	0.665840112	693.774794	585.584474	338.392236	696.779486	280.702234	0	0	1715.01	0
45	174	0	0.680972842	693.733868	596.035698	352.569712	696.779486	287.179503	0	0	1717.7	0
46	177	0	0.696105572	694.966986	606.106207	367.581888	696.779486	292.73265	0	0	1722.03	0
47	181	0	0.711238302	694.73827	615.728453	383.87564	696.779486	297.319033	0	0	1718.68	0
48	184	0	0.726371032	694.815231	624.873735	400.201348	696.779486	296.578139	0	0	1720.32	0
49	188	0	0.741503761	695.264644	633.552067	418.985869	696.779486	277.793617	0	0	1717.81	0
50	191	0	0.756636491	695.856487	641.695321	439.382746	696.779486	257.39674	0	0	1716.86	0
51	195	0	0.771769221	696.916331	649.269838	462.360129	696.916331	234.556202	0	0	1717.9	0
52	198	0	0.786901951	698.920198	656.227487	481.947612	698.920198	216.972586	0	0	1716.56	0
53	202	0	0.802034681	697.733457	662.57413	503.084368	698.920198	195.835829	0	0	1716.48	0
54	205	0	0.817167411	697.756023	668.299767	526.777873	698.920198	172.142324	0	0	1713.77	0
55	209	0	0.83230014	696.63879	673.295676	549.232531	698.920198	149.687667	0	0	1718.56	0
56	212	0	0.84743287	696.005377	677.612524	565.691489	698.920198	133.228709	0	0	1715.28	0
57	216	0	0.8625656	695.615073	681.433806	582.859017	698.920198	116.061181	0	0	1718.68	0
58	219	0	0.87769833	696.335767	684.771358	597.689442	698.920198	101.230755	0	0	1718.11	0
59	223	0	0.89283106	697.930714	687.71963	619.734936	698.920198	79.1852614	0	0	1722.83	0
60	226	0	0.907963789	698.544568	690.037561	635.402349	698.920198	63.5178483	0	0	1716.1	0
61	230	0	0.923096519	698.059796	691.880427	650.78792	698.920198	48.1322776	0	0	1717.1	0
62	233	0	0.938229249	697.522114	693.254962	663.067321	698.920198	35.8528766	0	0	1713.5	0
63	237	0	0.953361979	696.469769	694.237387	673.060348	698.920198	25.8598495	0	0	1717.37	0
64	241	0	0.968494709	696.517694	694.927309	682.374787	698.920198	16.5454102	0	0	1717.36	0
65	244	0	0.983627439	696.622115	695.346348	686.090032	698.920198	12.8301652	0	0	1719.86	0
66	248	0	0.998760168	697.323676	695.676749	689.207135	698.920198	9.7130623	0	0	1719.37	0
67	251	0	1.0138929	697.558643	695.922382	691.339773	698.920198	7.58042433	12.1646944	100	1722.38	0
68	255	0	1.02902563	697.039788	696.090029	692.010465	698.920198	6.9097328	12.1646944	100	1719.82	0
